model,nowcast_date,reference_date,age_group,location,confirm,holiday,group,mean,median,sd,mad,q2.5,q5,q20,q25,q50,q75,q80,q90,q95,q97.5,rhat,ess_bulk,ess_tail,report_date
"Reference: Fixed, Report: Fixed",2021-12-31,2021-11-22,00+,DE,812,FALSE,1,812,812,0,0,812,812,812,812,812,812,812,812,812,812,,,,2021-12-31
"Reference: Fixed, Report: Day of week",2021-12-31,2021-11-22,00+,DE,812,FALSE,1,812,812,0,0,812,812,812,812,812,812,812,812,812,812,,,,2021-12-31
"Reference: Age, Report: Day of week",2021-12-31,2021-11-22,00+,DE,812,FALSE,1,812,812,0,0,812,812,812,812,812,812,812,812,812,812,,,,2021-12-31
"Reference: Age and week, Report: Day of week",2021-12-31,2021-11-22,00+,DE,812,FALSE,1,812,812,0,0,812,812,812,812,812,812,812,812,812,812,,,,2021-12-31
"Reference: Age and week by age, Report: Day of week",2021-12-31,2021-11-22,00+,DE,812,FALSE,1,812,812,0,0,812,812,812,812,812,812,812,812,812,812,,,,2021-12-31
"Independent by age, Reference: Week, Report: Day of week",2021-12-31,2021-11-22,00+,DE,812,FALSE,1,812,812,0,0,812,812,812,812,812,812,812,812,812,812,,,,2021-12-31
"Independent by age, Reference: Week and day of week, Report: Day of week",2021-12-31,2021-11-22,00+,DE,812,FALSE,1,812,812,0,0,812,812,812,812,812,812,812,812,812,812,,,,2021-12-31
"Reference: Fixed, Report: Fixed",2021-12-31,2021-11-23,00+,DE,1610,FALSE,1,1613.1245,1613,2.51120545284794,2.9652,1610,1610,1611,1611,1613,1614,1615,1616,1618,1619.025,1.00021161943918,2155.99135008287,2076.33900768342,2021-12-31
"Reference: Fixed, Report: Day of week",2021-12-31,2021-11-23,00+,DE,1610,FALSE,1,1610.3755,1610,0.636162008493533,0,1610,1610,1610,1610,1610,1611,1611,1611,1612,1612,0.999269073156596,1789.78623635427,1712.03831167614,2021-12-31
"Reference: Age, Report: Day of week",2021-12-31,2021-11-23,00+,DE,1610,FALSE,1,1610.278,1610,0.540242474233082,0,1610,1610,1610,1610,1610,1610,1611,1611,1611,1612,0.999749539874741,1848.32453732564,1967.50035207109,2021-12-31
"Reference: Age and week, Report: Day of week",2021-12-31,2021-11-23,00+,DE,1610,FALSE,1,1610.2325,1610,0.47807742993631,0,1610,1610,1610,1610,1610,1610,1611,1611,1611,1611,0.999367331405653,1997.07464319571,1928.1894302675,2021-12-31
"Reference: Age and week by age, Report: Day of week",2021-12-31,2021-11-23,00+,DE,1610,FALSE,1,1610.2385,1610,0.494712158795425,0,1610,1610,1610,1610,1610,1610,1611,1611,1611,1612,1.00167062744666,1922.22510083402,1948.51317326523,2021-12-31
"Independent by age, Reference: Week, Report: Day of week",2021-12-31,2021-11-23,00+,DE,1610,FALSE,1,1610.412,1610,0.639108934466619,0,1610,1610,1610,1610,1610,1611,1611,1611,1612,1612,1.00060021117183,1902.01781551022,1876.04991268126,2021-12-31
"Independent by age, Reference: Week and day of week, Report: Day of week",2021-12-31,2021-11-23,00+,DE,1610,FALSE,1,1610.4245,1610,0.653845170321978,0,1610,1610,1610,1610,1610,1611,1611,1611,1612,1612,1.00102869068644,1918.81494340559,1900.62577965939,2021-12-31
"Reference: Fixed, Report: Fixed",2021-12-31,2021-11-24,00+,DE,1959,FALSE,1,1967.2085,1967,4.41392899065756,4.4478,1961,1961,1964,1964,1967,1970,1971,1973,1976,1978,0.999899611612109,2020.45073711254,1924.64824459798,2021-12-31
"Reference: Fixed, Report: Day of week",2021-12-31,2021-11-24,00+,DE,1959,FALSE,1,1960.5205,1960,1.30592207509986,1.4826,1959,1959,1959,1960,1960,1961,1962,1962,1963,1963.025,0.999867792045114,1879.24849619496,1801.18517371676,2021-12-31
"Reference: Age, Report: Day of week",2021-12-31,2021-11-24,00+,DE,1959,FALSE,1,1960.111,1960,1.06969674467242,1.4826,1959,1959,1959,1959,1960,1961,1961,1962,1962,1963,1.00033598114739,1898.69234435785,1936.50009400355,2021-12-31
"Reference: Age and week, Report: Day of week",2021-12-31,2021-11-24,00+,DE,1959,FALSE,1,1960.087,1960,1.05070594911029,1.4826,1959,1959,1959,1959,1960,1961,1961,1961,1962,1963,1.00036319380481,2088.64572381982,2045.31724651121,2021-12-31
"Reference: Age and week by age, Report: Day of week",2021-12-31,2021-11-24,00+,DE,1959,FALSE,1,1960.1095,1960,1.09229405525782,1.4826,1959,1959,1959,1959,1960,1961,1961,1962,1962,1963,1.00027395775044,1804.87672969505,1862.65844351211,2021-12-31
"Independent by age, Reference: Week, Report: Day of week",2021-12-31,2021-11-24,00+,DE,1959,FALSE,1,1960.593,1960,1.28108219322294,1.4826,1959,1959,1959,1960,1960,1961,1962,1962,1963,1963,0.99972572016211,2089.99284699734,1858.27445954213,2021-12-31
"Independent by age, Reference: Week and day of week, Report: Day of week",2021-12-31,2021-11-24,00+,DE,1959,FALSE,1,1960.705,1960,1.3386078348298,1.4826,1959,1959,1960,1960,1960,1961,1962,1962,1963,1964,1.00197883816706,1999.73420159594,1901.03527736625,2021-12-31
"Reference: Fixed, Report: Fixed",2021-12-31,2021-11-25,00+,DE,1829,FALSE,1,1841.9385,1841,5.43198591543579,4.4478,1833,1834,1837,1838,1841,1845,1846,1849,1852,1854,0.999753255958173,2118.24622286396,1934.68397961336,2021-12-31
"Reference: Fixed, Report: Day of week",2021-12-31,2021-11-25,00+,DE,1829,FALSE,1,1832.0105,1832,1.81329362401224,1.4826,1829,1829,1830,1831,1832,1833,1833,1834,1835,1836,0.999671726132347,1819.65917372545,1616.50205664094,2021-12-31
"Reference: Age, Report: Day of week",2021-12-31,2021-11-25,00+,DE,1829,FALSE,1,1831.364,1831,1.61734718163818,1.4826,1829,1829,1830,1830,1831,1832,1833,1834,1834,1835,1.00047627093189,2042.41698395941,1880.80458963171,2021-12-31
"Reference: Age and week, Report: Day of week",2021-12-31,2021-11-25,00+,DE,1829,FALSE,1,1831.2615,1831,1.58536255702556,1.4826,1829,1829,1830,1830,1831,1832,1832.2,1833,1834,1835,0.999893502425015,1881.43463633723,1676.88909267998,2021-12-31
"Reference: Age and week by age, Report: Day of week",2021-12-31,2021-11-25,00+,DE,1829,FALSE,1,1831.4405,1831,1.61857024401705,1.4826,1829,1829,1830,1830,1831,1832,1833,1834,1834,1835,0.999562550273981,1982.21565426495,1926.91344713595,2021-12-31
"Independent by age, Reference: Week, Report: Day of week",2021-12-31,2021-11-25,00+,DE,1829,FALSE,1,1832.1955,1832,1.92902574377847,1.4826,1829,1829.95,1831,1831,1832,1833,1834,1835,1836,1836,1.00108310223418,1860.57888719206,1866.05741140544,2021-12-31
"Independent by age, Reference: Week and day of week, Report: Day of week",2021-12-31,2021-11-25,00+,DE,1829,FALSE,1,1832.378,1832,1.9359726224814,1.4826,1829,1830,1831,1831,1832,1834,1834,1835,1836,1837,1.00001739801302,1826.28727626022,1935.79105063996,2021-12-31
"Reference: Fixed, Report: Fixed",2021-12-31,2021-11-26,00+,DE,1697,FALSE,1,1714.1455,1714,6.5424560843622,5.9304,1703,1705,1708,1709,1714,1718,1719,1723,1726,1729,1.00154895033677,1938.50483128503,2076.89916085476,2021-12-31
"Reference: Fixed, Report: Day of week",2021-12-31,2021-11-26,00+,DE,1697,FALSE,1,1701.5705,1701,2.26043901538421,1.4826,1698,1698,1700,1700,1701,1703,1703,1704,1706,1706,1.0012244982815,1721.33937535256,1678.94559177239,2021-12-31
"Reference: Age, Report: Day of week",2021-12-31,2021-11-26,00+,DE,1697,FALSE,1,1700.9455,1701,2.17045736944919,1.4826,1697.975,1698,1699,1699,1701,1702,1703,1704,1705,1706,1.0024970014226,1872.05644966229,1834.24255952505,2021-12-31
"Reference: Age and week, Report: Day of week",2021-12-31,2021-11-26,00+,DE,1697,FALSE,1,1700.715,1701,2.00942626063971,1.4826,1697,1698,1699,1699,1701,1702,1702,1703,1704,1705,1.00184910090376,1978.46147251054,1912.48988981152,2021-12-31
"Reference: Age and week by age, Report: Day of week",2021-12-31,2021-11-26,00+,DE,1697,FALSE,1,1701.055,1701,2.07512121670808,1.4826,1698,1698,1699,1700,1701,1702,1703,1704,1705,1706,0.999612820224306,1928.72632412651,1697.05196029429,2021-12-31
"Independent by age, Reference: Week, Report: Day of week",2021-12-31,2021-11-26,00+,DE,1697,FALSE,1,1701.8555,1702,2.32644061023626,2.9652,1698,1699,1700,1700,1702,1703,1704,1705,1706,1707,0.999828835247178,1962.94816574455,1973.954218543,2021-12-31
"Independent by age, Reference: Week and day of week, Report: Day of week",2021-12-31,2021-11-26,00+,DE,1697,FALSE,1,1702.1305,1702,2.40423791043336,2.9652,1698,1699,1700,1700,1702,1704,1704,1705,1706,1708,0.999755068227146,1875.5141536669,1812.57186297138,2021-12-31
"Reference: Fixed, Report: Fixed",2021-12-31,2021-11-27,00+,DE,1581,FALSE,1,1603.0265,1602,7.48196415681216,7.413,1591,1592,1597,1598,1602,1608,1609,1613,1616,1620,0.99988365774368,2277.70827274304,1816.55119901549,2021-12-31
"Reference: Fixed, Report: Day of week",2021-12-31,2021-11-27,00+,DE,1581,FALSE,1,1588.191,1588,2.87813495694959,2.9652,1583,1584,1586,1586,1588,1590,1591,1592,1593,1594,1.00055626618658,2013.8911533896,1788.19899764388,2021-12-31
"Reference: Age, Report: Day of week",2021-12-31,2021-11-27,00+,DE,1581,FALSE,1,1586.4485,1586,2.50109485780605,2.9652,1582,1583,1584,1585,1586,1588,1588,1590,1591,1592,1.00027968722174,1939.15632103606,1970.33072013249,2021-12-31
"Reference: Age and week, Report: Day of week",2021-12-31,2021-11-27,00+,DE,1581,FALSE,1,1586.505,1586,2.50381899401242,2.9652,1582,1583,1584,1585,1586,1588,1589,1590,1591,1592,1.00074230567544,1875.96841213785,1964.31536650489,2021-12-31
"Reference: Age and week by age, Report: Day of week",2021-12-31,2021-11-27,00+,DE,1581,FALSE,1,1586.6515,1586,2.52353558840231,2.9652,1582,1583,1585,1585,1586,1588,1589,1590,1591,1592,1.00012666180843,1852.77134891408,1756.1596326292,2021-12-31
"Independent by age, Reference: Week, Report: Day of week",2021-12-31,2021-11-27,00+,DE,1581,FALSE,1,1588.5025,1588,3.01521798876298,2.9652,1583,1584,1586,1586,1588,1590,1591,1592,1594,1595,1.0017184845182,1786.80787131945,2004.52255022215,2021-12-31
"Independent by age, Reference: Week and day of week, Report: Day of week",2021-12-31,2021-11-27,00+,DE,1581,FALSE,1,1588.629,1588,2.97553119508878,2.9652,1584,1584,1586,1587,1588,1591,1591,1593,1594,1595,0.99979319676237,1900.38139961178,1865.59533825125,2021-12-31
"Reference: Fixed, Report: Fixed",2021-12-31,2021-11-28,00+,DE,1017,FALSE,1,1034.356,1034,5.97822160569374,5.9304,1024,1025,1029,1030,1034,1038,1039,1042,1045,1048,0.999683311719475,2277.83062976457,1973.25292575565,2021-12-31
"Reference: Fixed, Report: Day of week",2021-12-31,2021-11-28,00+,DE,1017,FALSE,1,1023.509,1023,2.69416931059224,2.9652,1019,1020,1021,1022,1023,1025,1026,1027,1028,1029,1.00015782885584,1560.50059930686,1702.60947531789,2021-12-31
"Reference: Age, Report: Day of week",2021-12-31,2021-11-28,00+,DE,1017,FALSE,1,1022.059,1022,2.28125427353688,2.9652,1018,1019,1020,1020,1022,1024,1024,1025,1026,1027,1.00078454822569,2025.36029168299,1906.44491750201,2021-12-31
"Reference: Age and week, Report: Day of week",2021-12-31,2021-11-28,00+,DE,1017,FALSE,1,1022.2275,1022,2.34232512548893,2.9652,1018,1019,1020,1021,1022,1024,1024,1025,1026,1027,1.0000190590052,2270.82271540779,2019.73798080856,2021-12-31
"Reference: Age and week by age, Report: Day of week",2021-12-31,2021-11-28,00+,DE,1017,FALSE,1,1022.348,1022,2.39682464610828,2.9652,1018,1019,1020,1021,1022,1024,1024,1026,1027,1027,0.999969138295789,1833.66340616037,1907.87491652113,2021-12-31
"Independent by age, Reference: Week, Report: Day of week",2021-12-31,2021-11-28,00+,DE,1017,FALSE,1,1023.835,1024,2.80886451434204,2.9652,1019,1020,1021,1022,1024,1026,1026,1027,1029,1030,0.99964314298209,1927.88412822893,1977.8916227808,2021-12-31
"Independent by age, Reference: Week and day of week, Report: Day of week",2021-12-31,2021-11-28,00+,DE,1017,FALSE,1,1023.638,1023,2.7674510641918,2.9652,1019,1019,1021,1022,1023,1025,1026,1027,1028,1030,0.99962808014732,2002.53093497529,1897.95568035605,2021-12-31
"Reference: Fixed, Report: Fixed",2021-12-31,2021-11-29,00+,DE,712,FALSE,1,726.804,726,5.32848762691583,5.9304,718,719,722,723,726,730,731,734,736,738,1.00057545624621,1983.47636671811,1973.02664961778,2021-12-31
"Reference: Fixed, Report: Day of week",2021-12-31,2021-11-29,00+,DE,712,FALSE,1,717.8015,718,2.51560368121461,2.9652,714,714,716,716,718,719,720,721,722,723,0.999825118791013,2054.09010062561,2070.4780235502,2021-12-31
"Reference: Age, Report: Day of week",2021-12-31,2021-11-29,00+,DE,712,FALSE,1,716.6285,716,2.21651623547202,2.9652,713,713,715,715,716,718,719,720,720,721,1.0004386620463,2095.21828841764,1826.98667665563,2021-12-31
"Reference: Age and week, Report: Day of week",2021-12-31,2021-11-29,00+,DE,712,FALSE,1,716.619,716,2.21298161850069,2.9652,713,713,715,715,716,718,718,720,721,721,1.00012591257049,2031.50400012183,1936.85886582411,2021-12-31
"Reference: Age and week by age, Report: Day of week",2021-12-31,2021-11-29,00+,DE,712,FALSE,1,716.4545,716,2.16593522241406,1.4826,713,713,715,715,716,718,718,719,720,721,0.999711880088385,1868.93947761699,1948.50929473491,2021-12-31
"Independent by age, Reference: Week, Report: Day of week",2021-12-31,2021-11-29,00+,DE,712,FALSE,1,718.0505,718,2.63864187897538,2.9652,714,714,716,716,718,720,720,722,723,724,0.99989612057176,1924.05683288508,1936.77254170287,2021-12-31
"Independent by age, Reference: Week and day of week, Report: Day of week",2021-12-31,2021-11-29,00+,DE,712,FALSE,1,717.6285,718,2.45876198629567,2.9652,713,714,715,716,718,719,720,721,722,723,1.00099191160472,2025.37299678851,2116.24919482052,2021-12-31
"Reference: Fixed, Report: Fixed",2021-12-31,2021-11-30,00+,DE,1480,FALSE,1,1508.3495,1508,8.29534544959184,8.8956,1494,1496,1501,1502,1508,1513,1515,1519,1523,1527,0.999981647901013,1921.0588889241,2014.4388440872,2021-12-31
"Reference: Fixed, Report: Day of week",2021-12-31,2021-11-30,00+,DE,1480,FALSE,1,1492.3845,1492,3.87339145073995,4.4478,1486,1486,1489,1490,1492,1495,1496,1497,1499,1500,0.999831669042144,2073.54889472597,2003.33308338574,2021-12-31
"Reference: Age, Report: Day of week",2021-12-31,2021-11-30,00+,DE,1480,FALSE,1,1490.146,1490,3.42528105053258,2.9652,1484,1485,1487,1488,1490,1492,1493,1495,1496,1498,1.00009517144978,1992.29298806295,1711.61564256758,2021-12-31
"Reference: Age and week, Report: Day of week",2021-12-31,2021-11-30,00+,DE,1480,FALSE,1,1490.008,1490,3.35567672506479,2.9652,1484,1485,1487,1488,1490,1492,1493,1495,1496,1497,0.999932600624238,1919.31855196767,1969.26976326227,2021-12-31
"Reference: Age and week by age, Report: Day of week",2021-12-31,2021-11-30,00+,DE,1480,FALSE,1,1489.5905,1489,3.32736313358061,2.9652,1484,1485,1487,1487,1489,1492,1492,1494,1495,1497,1.00055667811793,1937.82083468664,1823.50375913662,2021-12-31
"Independent by age, Reference: Week, Report: Day of week",2021-12-31,2021-11-30,00+,DE,1480,FALSE,1,1492.8455,1493,3.90810265770893,4.4478,1486,1487,1490,1490,1493,1495,1496,1498,1500,1501,1.00025700340045,2031.2168455726,1874.31301746465,2021-12-31
"Independent by age, Reference: Week and day of week, Report: Day of week",2021-12-31,2021-11-30,00+,DE,1480,FALSE,1,1492.6075,1492,3.84276295958804,4.4478,1486,1487,1489,1490,1492,1495,1496,1498,1499,1501,0.999284439959998,2051.63604783532,1941.63164814057,2021-12-31
"Reference: Fixed, Report: Fixed",2021-12-31,2021-12-01,00+,DE,1704,FALSE,1,1745.4,1744,11.0366618119781,10.3782,1726,1729,1736,1738,1744,1752,1755,1760,1765,1769,0.999970710579835,1646.2125558036,1819.63724437866,2021-12-31
"Reference: Fixed, Report: Day of week",2021-12-31,2021-12-01,00+,DE,1704,FALSE,1,1723.909,1724,5.21759817016725,5.9304,1715,1716,1719,1720,1724,1727,1728,1731,1733,1735,1.00016381427737,2073.71504022689,2007.9398769663,2021-12-31
"Reference: Age, Report: Day of week",2021-12-31,2021-12-01,00+,DE,1704,FALSE,1,1720.4935,1720,4.49311159174663,4.4478,1712,1713,1717,1717,1720,1723,1724,1726,1729,1730,1.00006333968174,2010.91137318578,1881.55605333811,2021-12-31
"Reference: Age and week, Report: Day of week",2021-12-31,2021-12-01,00+,DE,1704,FALSE,1,1719.642,1719,4.47524858806329,4.4478,1712,1713,1716,1716,1719,1722,1723,1725,1728,1729,1.00032145912075,1934.59809077691,1876.80066576806,2021-12-31
"Reference: Age and week by age, Report: Day of week",2021-12-31,2021-12-01,00+,DE,1704,FALSE,1,1720.086,1720,4.59152970942542,4.4478,1712,1713,1716,1717,1720,1723,1724,1726,1728,1730,1.00047120550889,2197.06826016259,1901.15993751896,2021-12-31
"Independent by age, Reference: Week, Report: Day of week",2021-12-31,2021-12-01,00+,DE,1704,FALSE,1,1724.22,1724,5.08502986858309,4.4478,1715,1716,1720,1721,1724,1727.25,1729,1731,1733,1735,0.999992391573611,2288.57018512623,2005.75814881969,2021-12-31
"Independent by age, Reference: Week and day of week, Report: Day of week",2021-12-31,2021-12-01,00+,DE,1704,FALSE,1,1725.1455,1725,5.23842058975199,5.9304,1716,1717,1721,1721,1725,1728,1729,1732,1734,1737,1.00003366827554,2039.05783218846,1850.07626904884,2021-12-31
"Reference: Fixed, Report: Fixed",2021-12-31,2021-12-02,00+,DE,1814,FALSE,1,1868.831,1868,13.7652526344432,13.3434,1844.975,1848,1857,1859,1868,1878,1880,1887,1892.05,1898,1.00070457666142,1806.53398675572,2095.44465664887,2021-12-31
"Reference: Fixed, Report: Day of week",2021-12-31,2021-12-02,00+,DE,1814,FALSE,1,1842.1055,1842,6.22742002197259,5.9304,1831,1832,1837,1838,1842,1846,1847,1850,1852.05,1854.025,1.00030795841756,1876.18495433663,1887.75977481408,2021-12-31
"Reference: Age, Report: Day of week",2021-12-31,2021-12-02,00+,DE,1814,FALSE,1,1837.7315,1837,5.56847480966314,5.9304,1827,1829,1833,1834,1837,1841,1842,1845,1847.05,1849,0.999802426105255,2051.0729608959,1995.64482644967,2021-12-31
"Reference: Age and week, Report: Day of week",2021-12-31,2021-12-02,00+,DE,1814,FALSE,1,1836.4175,1836,5.46709596761933,5.9304,1826.975,1828,1832,1832.75,1836,1840,1841,1844,1846,1848,1.0000562897563,1961.90089090074,1695.6918689902,2021-12-31
"Reference: Age and week by age, Report: Day of week",2021-12-31,2021-12-02,00+,DE,1814,FALSE,1,1837.9625,1838,5.86048345985138,5.9304,1827,1829,1833,1834,1838,1842,1843,1846,1848,1850,1.00016306359167,1911.84068152231,1942.1915894351,2021-12-31
"Independent by age, Reference: Week, Report: Day of week",2021-12-31,2021-12-02,00+,DE,1814,FALSE,1,1842.6665,1842,6.55551410131702,5.9304,1831,1833,1837,1838,1842,1847,1848,1851,1854,1857,0.999524801777851,2114.4683187199,1905.58900085266,2021-12-31
"Independent by age, Reference: Week and day of week, Report: Day of week",2021-12-31,2021-12-02,00+,DE,1814,FALSE,1,1843.1465,1843,6.30602257451995,5.9304,1832,1833.95,1838,1839,1843,1847,1848,1851,1854,1856,0.999851411490954,1971.92467935969,1880.20682766748,2021-12-31
"Reference: Fixed, Report: Fixed",2021-12-31,2021-12-03,00+,DE,1652,FALSE,1,1711.943,1711,14.6718568249334,14.826,1687,1690,1699,1701,1711,1722,1724,1731.1,1737.05,1743,1.0000686613178,1938.83268501387,2005.58136425434,2021-12-31
"Reference: Fixed, Report: Day of week",2021-12-31,2021-12-03,00+,DE,1652,FALSE,1,1683.9065,1684,6.84084470867188,7.413,1671,1673,1678,1679,1684,1688,1690,1693,1695,1698,0.999943449236719,1829.54363773503,1946.31640072869,2021-12-31
"Reference: Age, Report: Day of week",2021-12-31,2021-12-03,00+,DE,1652,FALSE,1,1676.512,1676,5.65038223571688,5.9304,1666,1668,1672,1673,1676,1680,1681,1684,1686,1688,1.00065735002696,1934.4965571266,1796.02863830037,2021-12-31
"Reference: Age and week, Report: Day of week",2021-12-31,2021-12-03,00+,DE,1652,FALSE,1,1677.1775,1677,6.00158339537374,5.9304,1666,1668,1672,1673,1677,1681,1682,1685,1687,1690,0.99990379893946,2037.35776010776,2076.95123037125,2021-12-31
"Reference: Age and week by age, Report: Day of week",2021-12-31,2021-12-03,00+,DE,1652,FALSE,1,1677.6705,1677.5,6.06550285734466,6.6717,1666,1668,1673,1673,1677.5,1681,1683,1685,1688,1690,1.00059472070318,2088.99108999719,1754.4133009367,2021-12-31
"Independent by age, Reference: Week, Report: Day of week",2021-12-31,2021-12-03,00+,DE,1652,FALSE,1,1682.997,1683,6.58374238802795,5.9304,1671,1673,1678,1678,1683,1687,1688,1691,1694,1697,1.0005374287874,2095.68932576698,1907.63773736576,2021-12-31
"Independent by age, Reference: Week and day of week, Report: Day of week",2021-12-31,2021-12-03,00+,DE,1652,FALSE,1,1684.359,1684,6.9159261141953,7.413,1672,1674,1678,1679,1684,1689,1690,1693,1696,1699,1.00003414150994,2012.83457925022,2009.23301914341,2021-12-31
"Reference: Fixed, Report: Fixed",2021-12-31,2021-12-04,00+,DE,1537,FALSE,1,1601.245,1600,14.3390648017817,13.3434,1575,1578,1589,1592,1600,1611,1613,1620,1626,1631,1.00025296823738,2448.43884227487,1946.49304864844,2021-12-31
"Reference: Fixed, Report: Day of week",2021-12-31,2021-12-04,00+,DE,1537,FALSE,1,1574.6175,1574.5,7.39571105580867,6.6717,1561,1563,1568,1569,1574.5,1579,1580,1584,1587,1591,1.00033616653228,2093.62831332365,2103.72005738259,2021-12-31
"Reference: Age, Report: Day of week",2021-12-31,2021-12-04,00+,DE,1537,FALSE,1,1566.236,1566,6.35212395497519,5.9304,1554.975,1556,1561,1562,1566,1570,1572,1574,1577,1579.025,1.00072972452742,2037.28400839417,1816.39768113002,2021-12-31
"Reference: Age and week, Report: Day of week",2021-12-31,2021-12-04,00+,DE,1537,FALSE,1,1567.4395,1567,6.514641972512,5.9304,1556,1557,1562,1563,1567,1572,1573,1576,1579,1581,1.00085036744355,2008.76872225003,1984.26323648868,2021-12-31
"Reference: Age and week by age, Report: Day of week",2021-12-31,2021-12-04,00+,DE,1537,FALSE,1,1568.8665,1568,6.84763629374441,7.413,1557,1558,1563,1564,1568,1573,1575,1578,1581,1583,0.999691643778757,1948.68591415286,1648.20809545093,2021-12-31
"Independent by age, Reference: Week, Report: Day of week",2021-12-31,2021-12-04,00+,DE,1537,FALSE,1,1573.475,1573,7.33704921242681,7.413,1560,1562,1567,1568,1573,1578,1579,1583,1586,1589,0.999230231589751,1645.00482695387,1684.8078891523,2021-12-31
"Independent by age, Reference: Week and day of week, Report: Day of week",2021-12-31,2021-12-04,00+,DE,1537,FALSE,1,1574.6885,1574,7.3714066885693,7.413,1561,1563,1568,1570,1574,1580,1581,1584,1587,1590,0.999310586157302,2036.42019429733,1782.93917294439,2021-12-31
"Reference: Fixed, Report: Fixed",2021-12-31,2021-12-05,00+,DE,1042,FALSE,1,1092.334,1091,11.7801880466828,11.8608,1072,1075,1083,1084,1091,1100,1102,1108,1113,1118,1.00019633939227,2224.04857372411,1920.54763479679,2021-12-31
"Reference: Fixed, Report: Day of week",2021-12-31,2021-12-05,00+,DE,1042,FALSE,1,1074.5915,1074,6.70463301023262,7.413,1063,1064,1069,1070,1074,1079,1080,1084,1086,1088,1.00047360408408,1786.68593619668,1958.90025664659,2021-12-31
"Reference: Age, Report: Day of week",2021-12-31,2021-12-05,00+,DE,1042,FALSE,1,1067.6585,1067,5.75094900492333,5.9304,1057,1058,1063,1064,1067,1071,1072,1075,1077,1080,1.00072194679845,2157.98293218451,1980.44793805514,2021-12-31
"Reference: Age and week, Report: Day of week",2021-12-31,2021-12-05,00+,DE,1042,FALSE,1,1067.5715,1067,5.74433516111496,5.9304,1057,1059,1063,1064,1067,1071,1072,1075,1078,1080,1.00065457752266,2090.86085158282,2069.20052608376,2021-12-31
"Reference: Age and week by age, Report: Day of week",2021-12-31,2021-12-05,00+,DE,1042,FALSE,1,1068.2795,1068,6.09581489463179,5.9304,1057,1059,1063,1064,1068,1072,1073,1076,1079,1082,1.0000068911689,2074.36651282656,1967.96926315333,2021-12-31
"Independent by age, Reference: Week, Report: Day of week",2021-12-31,2021-12-05,00+,DE,1042,FALSE,1,1073.2175,1073,6.62330188153212,5.9304,1061,1063,1068,1068.75,1073,1077,1079,1082,1085,1087,1.00031281917691,1992.25410516822,1913.88122738953,2021-12-31
"Independent by age, Reference: Week and day of week, Report: Day of week",2021-12-31,2021-12-05,00+,DE,1042,FALSE,1,1072.3655,1072,6.61231964862315,5.9304,1060,1062,1067,1068,1072,1077,1078,1081,1084,1086,1.00068070143559,2007.85302038318,1934.33792963021,2021-12-31
"Reference: Fixed, Report: Fixed",2021-12-31,2021-12-06,00+,DE,752,FALSE,1,789.981,789,9.81319460696654,8.8956,773,775,782,783,789,796,798,803,807,811,0.999301197458648,1830.2250376354,2083.54261446113,2021-12-31
"Reference: Fixed, Report: Day of week",2021-12-31,2021-12-06,00+,DE,752,FALSE,1,776.013,776,5.64311557357178,5.9304,766,767,771,772,776,779,780,784,786,788,0.999691263754151,1944.458650962,1896.64791584523,2021-12-31
"Reference: Age, Report: Day of week",2021-12-31,2021-12-06,00+,DE,752,FALSE,1,771.1685,771,4.95311764823112,4.4478,762,763,767,768,771,775,775,778,780,781.025,1.00100831694745,1910.89377707262,1794.85757330169,2021-12-31
"Reference: Age and week, Report: Day of week",2021-12-31,2021-12-06,00+,DE,752,FALSE,1,770.2555,770,4.74357149047452,4.4478,762,763,766,767,770,773,774,777,778,781,1.00145055453992,2025.66311844819,1855.04947197703,2021-12-31
"Reference: Age and week by age, Report: Day of week",2021-12-31,2021-12-06,00+,DE,752,FALSE,1,769.7275,770,4.59257984631976,4.4478,761,762,766,766,770,773,774,776,777,779,1.00120778666306,1991.63865312952,1626.49090495268,2021-12-31
"Independent by age, Reference: Week, Report: Day of week",2021-12-31,2021-12-06,00+,DE,752,FALSE,1,774.9215,775,5.63597550206971,5.9304,765,766,770,771,775,779,780,782,785,787,0.999827278694305,1907.41657780144,1948.11301399913,2021-12-31
"Independent by age, Reference: Week and day of week, Report: Day of week",2021-12-31,2021-12-06,00+,DE,752,FALSE,1,773.9175,774,5.22104619896299,4.4478,765,766,769,770,774,777,778,781,783,785,1.00227822506462,2038.80865149374,1957.36900708907,2021-12-31
"Reference: Fixed, Report: Fixed",2021-12-31,2021-12-07,00+,DE,1532,FALSE,1,1599.932,1599,14.8769633332549,14.826,1574,1577,1587,1589,1599,1609,1612,1619,1626,1632,1.00152173285829,2112.76651724325,2001.2762524272,2021-12-31
"Reference: Fixed, Report: Day of week",2021-12-31,2021-12-07,00+,DE,1532,FALSE,1,1576.6515,1577,8.13603990419549,8.8956,1561,1564,1570,1571,1577,1582,1583,1587,1590,1593,0.999930783790313,2004.24585573245,1916.80895685261,2021-12-31
"Reference: Age, Report: Day of week",2021-12-31,2021-12-07,00+,DE,1532,FALSE,1,1568.2185,1568,7.1264402632319,7.413,1556,1557,1562,1563,1568,1573,1574,1578,1581,1583,1.00139858691035,1921.98181268668,1843.83202176884,2021-12-31
"Reference: Age and week, Report: Day of week",2021-12-31,2021-12-07,00+,DE,1532,FALSE,1,1564.725,1564,6.86578068920324,7.413,1552,1554,1559,1560,1564,1569,1570,1574,1576,1579,1.00135585898662,1476.57847243222,1644.92815646202,2021-12-31
"Reference: Age and week by age, Report: Day of week",2021-12-31,2021-12-07,00+,DE,1532,FALSE,1,1564.6515,1564,6.85985251578116,7.413,1552,1554,1559,1560,1564,1569,1570,1574,1577,1579,1.00004910376755,2094.29622345473,1914.17416882029,2021-12-31
"Independent by age, Reference: Week, Report: Day of week",2021-12-31,2021-12-07,00+,DE,1532,FALSE,1,1574.8795,1574,7.99092655476208,8.8956,1560,1563,1568,1569,1574,1580,1582,1585,1589,1591.025,0.999880089124482,1920.8372327095,1713.05179375132,2021-12-31
"Independent by age, Reference: Week and day of week, Report: Day of week",2021-12-31,2021-12-07,00+,DE,1532,FALSE,1,1574.6105,1574,7.91347593037663,7.413,1561,1563,1568,1569,1574,1580,1581,1585,1588.05,1591,1.00189846677221,2159.52975961887,1876.07585771278,2021-12-31
"Reference: Fixed, Report: Fixed",2021-12-31,2021-12-08,00+,DE,1748,FALSE,1,1854.904,1853,21.220743247398,20.7564,1818,1822,1837,1840,1853,1868,1871,1883,1893.05,1901,0.999474702976814,2177.87995244602,1851.68838025351,2021-12-31
"Reference: Fixed, Report: Day of week",2021-12-31,2021-12-08,00+,DE,1748,FALSE,1,1823.154,1823,11.3438364459585,11.8608,1803,1805,1813,1816,1823,1831,1833,1838,1842,1846,0.999713839967807,2155.22060813058,1928.71274502894,2021-12-31
"Reference: Age, Report: Day of week",2021-12-31,2021-12-08,00+,DE,1748,FALSE,1,1809.586,1809,10.2384577456033,10.3782,1791,1794,1801,1802,1809,1816,1818,1823,1827,1831.025,1.00056286147157,1971.70558470599,1986.87609126782,2021-12-31
"Reference: Age and week, Report: Day of week",2021-12-31,2021-12-08,00+,DE,1748,FALSE,1,1804.3825,1804,9.86148153976265,10.3782,1787,1789,1796,1797,1804,1811,1812,1817,1821,1825,1.0003572429622,1749.42290781016,1602.17747589427,2021-12-31
"Reference: Age and week by age, Report: Day of week",2021-12-31,2021-12-08,00+,DE,1748,FALSE,1,1808.976,1808,10.1665679337609,10.3782,1790,1793.95,1800,1802,1808,1816,1817,1822,1827,1831,1.00118257552455,1819.268969071,1883.74969971508,2021-12-31
"Independent by age, Reference: Week, Report: Day of week",2021-12-31,2021-12-08,00+,DE,1748,FALSE,1,1819.879,1819,11.3093903529358,10.3782,1798,1802,1811,1812,1819,1827,1829,1834,1839,1844,1.0000194726405,1992.79545578508,2037.54300836822,2021-12-31
"Independent by age, Reference: Week and day of week, Report: Day of week",2021-12-31,2021-12-08,00+,DE,1748,FALSE,1,1822.8125,1822,11.7437345593597,11.8608,1801,1805,1813,1815,1822,1831,1832.2,1838,1843,1847,1.00058716011356,2119.61831189922,1656.05603944878,2021-12-31
"Reference: Fixed, Report: Fixed",2021-12-31,2021-12-09,00+,DE,1602,FALSE,1,1713.935,1713,22.5322352600204,22.239,1675,1681,1695,1698,1713,1728,1732,1743,1753,1760.025,0.99923931122912,2223.09760054003,1991.5020817638,2021-12-31
"Reference: Fixed, Report: Day of week",2021-12-31,2021-12-09,00+,DE,1602,FALSE,1,1682.46,1682,12.0982884860688,11.8608,1660,1663,1672,1674,1682,1690,1692,1698,1703,1707,1.00078561149745,2063.62477159504,1922.23910147001,2021-12-31
"Reference: Age, Report: Day of week",2021-12-31,2021-12-09,00+,DE,1602,FALSE,1,1667.41,1667,10.4124016948314,10.3782,1648,1651,1659,1660,1667,1674,1676,1681,1685,1689,1.00187093789792,1949.750431357,1855.56060126019,2021-12-31
"Reference: Age and week, Report: Day of week",2021-12-31,2021-12-09,00+,DE,1602,FALSE,1,1667.689,1667,10.892042843225,10.3782,1647,1651,1659,1661,1667,1675,1677,1683,1687,1690.025,0.999825742414755,1798.82615665986,1895.61475397761,2021-12-31
"Reference: Age and week by age, Report: Day of week",2021-12-31,2021-12-09,00+,DE,1602,FALSE,1,1672.9995,1672,11.3150127930663,11.8608,1653,1656,1663,1665,1672,1680,1683,1688,1693,1697,1.00166625276104,1973.18641966775,1842.77348495665,2021-12-31
"Independent by age, Reference: Week, Report: Day of week",2021-12-31,2021-12-09,00+,DE,1602,FALSE,1,1678.8705,1679,11.3502926976427,11.8608,1658,1661,1669,1671,1679,1686,1688,1693.1,1698,1702,1.00134251895121,1900.26790195757,1871.69221848639,2021-12-31
"Independent by age, Reference: Week and day of week, Report: Day of week",2021-12-31,2021-12-09,00+,DE,1602,FALSE,1,1680.8035,1680,11.99849447576,11.8608,1659,1662,1671,1673,1680,1689,1691,1696.1,1702,1706,1.00061380758026,2027.96460662053,1920.09560301441,2021-12-31
"Reference: Fixed, Report: Fixed",2021-12-31,2021-12-10,00+,DE,1428,FALSE,1,1541.739,1540.5,22.8615004560407,22.9803,1502,1508,1522,1526,1540.5,1556,1560,1572,1581,1590,0.999860446129598,1854.57674776117,1868.54412287741,2021-12-31
"Reference: Fixed, Report: Day of week",2021-12-31,2021-12-10,00+,DE,1428,FALSE,1,1513.014,1513,12.5246651699281,11.8608,1489,1493,1503,1504,1513,1521,1523,1529,1534,1539,1.00006287973297,2090.85231051299,2128.24423988222,2021-12-31
"Reference: Age, Report: Day of week",2021-12-31,2021-12-10,00+,DE,1428,FALSE,1,1498.166,1498,11.5587302989153,11.8608,1477,1480,1488,1490,1498,1505,1507,1513,1518,1523,1.00067039532303,1845.13149437447,1942.89906503701,2021-12-31
"Reference: Age and week, Report: Day of week",2021-12-31,2021-12-10,00+,DE,1428,FALSE,1,1500.0525,1499,11.5392946669502,11.8608,1479,1482,1490,1492,1499,1507,1509,1515,1520,1525,0.999275435953957,1940.66584091493,1997.24463245598,2021-12-31
"Reference: Age and week by age, Report: Day of week",2021-12-31,2021-12-10,00+,DE,1428,FALSE,1,1501.896,1501,11.700710974922,11.8608,1480,1484,1492,1494,1501,1509,1511,1517,1523,1526.025,1.00085432893589,1954.35610570509,1996.17673998329,2021-12-31
"Independent by age, Reference: Week, Report: Day of week",2021-12-31,2021-12-10,00+,DE,1428,FALSE,1,1505.811,1505,12.2916972754358,11.8608,1483.975,1487,1495,1497,1505,1514,1516,1522,1527,1531,0.999302416617756,2112.87931521551,1834.93636990777,2021-12-31
"Independent by age, Reference: Week and day of week, Report: Day of week",2021-12-31,2021-12-10,00+,DE,1428,FALSE,1,1507.452,1507,12.0971015509074,11.8608,1485,1488,1497,1499,1507,1515,1517,1524,1528,1532.025,0.999729500672505,2265.57784323776,1950.18938349159,2021-12-31
"Reference: Fixed, Report: Fixed",2021-12-31,2021-12-11,00+,DE,1257,FALSE,1,1366.886,1365,21.8950611063414,20.7564,1327,1333,1349,1352,1365,1381,1385,1396,1404,1411,0.999474381483263,2148.60452922743,1814.66438717503,2021-12-31
"Reference: Fixed, Report: Day of week",2021-12-31,2021-12-11,00+,DE,1257,FALSE,1,1345.1695,1345,13.0609365583748,13.3434,1321,1325,1334,1336,1345,1354,1356,1362,1367.05,1372,1.00067103298472,2129.78595144492,1892.77291280549,2021-12-31
"Reference: Age, Report: Day of week",2021-12-31,2021-12-11,00+,DE,1257,FALSE,1,1331.4655,1331,11.662925090252,11.8608,1310,1313,1322,1323,1331,1339,1341,1347,1352,1356,1.00003360054926,2153.56492232023,1883.66163066112,2021-12-31
"Reference: Age and week, Report: Day of week",2021-12-31,2021-12-11,00+,DE,1257,FALSE,1,1330.2895,1329.5,11.8667645042741,11.1195,1309,1312,1320,1322,1329.5,1338,1340,1346,1351,1356,0.999657500037379,2096.64655587245,1831.89663776325,2021-12-31
"Reference: Age and week by age, Report: Day of week",2021-12-31,2021-12-11,00+,DE,1257,FALSE,1,1332.359,1332,11.9308546066836,11.8608,1310,1314,1322,1324,1332,1340,1342,1348,1352,1357,0.999965965630866,2109.3658832681,1991.58328110557,2021-12-31
"Independent by age, Reference: Week, Report: Day of week",2021-12-31,2021-12-11,00+,DE,1257,FALSE,1,1338.2115,1338,12.7208363557116,13.3434,1315,1318,1327,1329,1338,1346.25,1349,1355,1359,1365,0.999389956866334,2003.02905925622,1685.15933485468,2021-12-31
"Independent by age, Reference: Week and day of week, Report: Day of week",2021-12-31,2021-12-11,00+,DE,1257,FALSE,1,1339.8905,1340,12.3611046514501,11.8608,1317,1320,1329,1331,1340,1348,1350,1356,1361,1365,0.999717834000667,1939.66427647959,1867.40511852678,2021-12-31
"Reference: Fixed, Report: Fixed",2021-12-31,2021-12-12,00+,DE,908,FALSE,1,997.3895,996,18.3348267700119,17.7912,966,971,982,985,996,1008,1012,1022,1029,1038,1.00040125842382,2168.19707292865,1583.68654064058,2021-12-31
"Reference: Fixed, Report: Day of week",2021-12-31,2021-12-12,00+,DE,908,FALSE,1,984.468,984,11.738861803353,11.8608,963,965.95,975,976,984,992,994,999,1005,1009,0.999710885277257,2065.61844033967,1992.07367181788,2021-12-31
"Reference: Age, Report: Day of week",2021-12-31,2021-12-12,00+,DE,908,FALSE,1,972.535,972,10.5447318925302,10.3782,953,955,964,965.75,972,979,981,986,990,994,0.999642861653944,2069.31255606291,1846.74183796953,2021-12-31
"Reference: Age and week, Report: Day of week",2021-12-31,2021-12-12,00+,DE,908,FALSE,1,968.097,968,10.2668541991972,10.3782,949,952,959,961,968,974,976,981,986,990,1.00017738228723,1698.47413721828,1857.35718126946,2021-12-31
"Reference: Age and week by age, Report: Day of week",2021-12-31,2021-12-12,00+,DE,908,FALSE,1,969.711,969,10.2222662048678,10.3782,951,953,961,963,969,976,978,983,987,991,1.00153664264271,2216.35392279105,2017.76359182793,2021-12-31
"Independent by age, Reference: Week, Report: Day of week",2021-12-31,2021-12-12,00+,DE,908,FALSE,1,977.9035,978,10.9123199693538,10.3782,958,961,969,970,978,985,987,992,996,1001,0.999507118818974,1982.90734325807,1628.33617836366,2021-12-31
"Independent by age, Reference: Week and day of week, Report: Day of week",2021-12-31,2021-12-12,00+,DE,908,FALSE,1,974.9655,975,10.7497948256884,10.3782,955,958,966,968,975,982,984,989,993,997,1.00099011785921,2075.85342029302,1995.77759256637,2021-12-31
"Reference: Fixed, Report: Fixed",2021-12-31,2021-12-13,00+,DE,503,FALSE,1,564.7645,563,14.0913208185466,13.3434,540,544,553,555,563,574,577,583.1,589,595,1.00081389964795,1909.12103440874,1965.57788478085,2021-12-31
"Reference: Fixed, Report: Day of week",2021-12-31,2021-12-13,00+,DE,503,FALSE,1,550.6005,550,8.36432189064632,7.413,535,537,544,545,550,556,557,562,565,568,0.999921848821019,2030.87802562326,1875.54652110825,2021-12-31
"Reference: Age, Report: Day of week",2021-12-31,2021-12-13,00+,DE,503,FALSE,1,543.389,543,7.92629119109455,7.413,529,531,537,538,543,549,550,554,557,560,1.00110897507667,1737.72419953661,1920.58572965633,2021-12-31
"Reference: Age and week, Report: Day of week",2021-12-31,2021-12-13,00+,DE,503,FALSE,1,538.142,538,7.5051981985821,7.413,524.975,527,532,533,538,543,544,548,552,554,0.9992061860523,1573.78245196347,1933.95780467199,2021-12-31
"Reference: Age and week by age, Report: Day of week",2021-12-31,2021-12-13,00+,DE,503,FALSE,1,538.363,538,7.39929765605503,7.413,525,527,532,533,538,543,544,548,551,554,0.999859339131154,1924.64863862567,1501.8671134715,2021-12-31
"Independent by age, Reference: Week, Report: Day of week",2021-12-31,2021-12-13,00+,DE,503,FALSE,1,546.116,546,8.21195848327703,8.8956,532,533,539,540,546,551,553,557,560,563,1.00047054154637,2010.31985890355,1762.5297490302,2021-12-31
"Independent by age, Reference: Week and day of week, Report: Day of week",2021-12-31,2021-12-13,00+,DE,503,FALSE,1,541.9015,542,7.47815211998023,7.413,528,530,535.8,537,542,547,548,552,555,557,1.00050918355483,1953.86515111395,1941.62178590804,2021-12-31
"Reference: Fixed, Report: Fixed",2021-12-31,2021-12-14,00+,DE,1150,FALSE,1,1256.363,1255,21.9161901501002,20.7564,1218.975,1223,1238,1241,1255,1270,1274,1284.1,1294,1304,0.999549687952847,1688.30434357619,1918.51664661448,2021-12-31
"Reference: Fixed, Report: Day of week",2021-12-31,2021-12-14,00+,DE,1150,FALSE,1,1238.003,1237,13.2770151225824,13.3434,1215,1218,1226.8,1229,1237,1247,1249,1255,1261,1265,1.00059373912771,2096.81817317624,1761.01408885502,2021-12-31
"Reference: Age, Report: Day of week",2021-12-31,2021-12-14,00+,DE,1150,FALSE,1,1226.8635,1226,12.1353822148604,11.8608,1205,1208,1216,1219,1226,1235,1237,1242,1247,1254,1.00029192910105,2233.79346237785,1856.20601809464,2021-12-31
"Reference: Age and week, Report: Day of week",2021-12-31,2021-12-14,00+,DE,1150,FALSE,1,1217.8115,1217,11.7976506148476,11.8608,1196,1199,1208,1210,1217,1226,1227,1233,1238,1243,1.00109227691965,1466.53508126911,1579.72739728394,2021-12-31
"Reference: Age and week by age, Report: Day of week",2021-12-31,2021-12-14,00+,DE,1150,FALSE,1,1216.1445,1216,11.0756469213931,10.3782,1196,1199,1207,1208.75,1216,1223,1225,1231,1236,1240,1.00145601302603,1619.9030695264,1966.36503288552,2021-12-31
"Independent by age, Reference: Week, Report: Day of week",2021-12-31,2021-12-14,00+,DE,1150,FALSE,1,1230.6455,1230,12.4844206966148,11.8608,1208,1211,1220,1222,1230,1238,1241,1247,1252.05,1257,1.0010771871508,2288.81111099941,1886.22651960588,2021-12-31
"Independent by age, Reference: Week and day of week, Report: Day of week",2021-12-31,2021-12-14,00+,DE,1150,FALSE,1,1229.111,1229,11.7946274047894,11.8608,1207.975,1210,1219,1221,1229,1237,1239,1245,1248,1254,1.0008140400812,2024.96524177805,1925.5542501301,2021-12-31
"Reference: Fixed, Report: Fixed",2021-12-31,2021-12-15,00+,DE,1493,FALSE,1,1667.973,1666,33.4037449410698,32.6172,1610.975,1618,1639,1644,1666,1688,1695,1711,1724,1740,0.999939357123693,2142.06880156818,1827.14998499114,2021-12-31
"Reference: Fixed, Report: Day of week",2021-12-31,2021-12-15,00+,DE,1493,FALSE,1,1649.6945,1648,19.7955070862153,19.2738,1613.975,1619,1633,1636,1648,1663,1667,1676,1684,1690,1.00031125455533,2423.89986140669,1961.42242179655,2021-12-31
"Reference: Age, Report: Day of week",2021-12-31,2021-12-15,00+,DE,1493,FALSE,1,1617.395,1617,17.1157661156275,17.7912,1586,1591,1603,1605,1617,1629,1632,1639,1648,1654,1.00250227930166,2218.07834069231,2079.52309444368,2021-12-31
"Reference: Age and week, Report: Day of week",2021-12-31,2021-12-15,00+,DE,1493,FALSE,1,1619.217,1619,17.8592101363231,17.7912,1587,1592,1604,1606,1619,1631,1634,1642,1649,1655.025,0.999497467293829,2075.51944640981,1646.79616362244,2021-12-31
"Reference: Age and week by age, Report: Day of week",2021-12-31,2021-12-15,00+,DE,1493,FALSE,1,1617.2195,1616,17.2907722543725,16.3086,1585,1590,1603,1605,1616,1628,1632,1639,1647,1654,0.999463556754194,2030.34434978471,1973.48087688198,2021-12-31
"Independent by age, Reference: Week, Report: Day of week",2021-12-31,2021-12-15,00+,DE,1493,FALSE,1,1636.421,1635,18.7398065404792,17.7912,1603,1607.95,1620.8,1623,1635,1649,1652,1661,1669,1675,0.999537645920616,2061.40734590052,1847.26784136136,2021-12-31
"Independent by age, Reference: Week and day of week, Report: Day of week",2021-12-31,2021-12-15,00+,DE,1493,FALSE,1,1641.3115,1641,19.1550234980959,19.2738,1604,1611,1625,1628,1641,1654,1658,1666,1674,1681,0.999771119971654,2128.0808555143,1787.64123116091,2021-12-31
"Reference: Fixed, Report: Fixed",2021-12-31,2021-12-16,00+,DE,1231,FALSE,1,1409.7695,1408,34.4693260300877,34.0998,1348.975,1358.95,1380,1385,1408,1431,1438,1456,1471,1484,1.00298840901421,2607.15417334602,1954.33928443508,2021-12-31
"Reference: Fixed, Report: Day of week",2021-12-31,2021-12-16,00+,DE,1231,FALSE,1,1390.8985,1390,19.6449270634855,19.2738,1354,1360.95,1374,1377,1390,1403,1406,1416,1425,1434,0.999633600687738,2193.61525755771,1899.14237904809,2021-12-31
"Reference: Age, Report: Day of week",2021-12-31,2021-12-16,00+,DE,1231,FALSE,1,1359.1465,1358,17.9080816237732,19.2738,1327,1331,1344,1346,1358,1371,1374,1383,1389,1395,0.999360657489168,2220.48049386476,2129.97090676207,2021-12-31
"Reference: Age and week, Report: Day of week",2021-12-31,2021-12-16,00+,DE,1231,FALSE,1,1361.5315,1361,17.9239125491767,17.7912,1328,1332.95,1347,1349,1361,1373,1377,1384,1392.05,1397,0.999774004294241,2290.09045372196,1658.44949821212,2021-12-31
"Reference: Age and week by age, Report: Day of week",2021-12-31,2021-12-16,00+,DE,1231,FALSE,1,1368.88,1367,19.4320457544001,19.2738,1334,1339,1352,1355,1367,1381,1385,1395,1404,1408.025,1.00149787040963,1916.9723282798,1802.81768751569,2021-12-31
"Independent by age, Reference: Week, Report: Day of week",2021-12-31,2021-12-16,00+,DE,1231,FALSE,1,1376.4795,1375.5,18.7364379433072,18.5325,1342,1348,1360,1363,1375.5,1389,1392,1401,1408,1415.025,1.00063785731368,2082.44830438265,1776.71727763449,2021-12-31
"Independent by age, Reference: Week and day of week, Report: Day of week",2021-12-31,2021-12-16,00+,DE,1231,FALSE,1,1380.014,1380,18.820784121749,19.2738,1346,1351,1364,1367,1380,1392,1396,1405,1412,1417,0.99961413247735,2036.6717801366,1809.99391917097,2021-12-31
"Reference: Fixed, Report: Fixed",2021-12-31,2021-12-17,00+,DE,1107,FALSE,1,1285.4555,1283,35.4031454973362,34.0998,1224.975,1234,1255,1260,1283,1306,1312,1331,1350,1364,0.999137056634759,2575.44444233787,1943.18006968489,2021-12-31
"Reference: Fixed, Report: Day of week",2021-12-31,2021-12-17,00+,DE,1107,FALSE,1,1275.365,1274,21.4505906426714,20.7564,1235,1242,1257,1261,1274,1289,1293,1303,1313,1321,0.999678427739124,2130.63411713092,2041.98621709971,2021-12-31
"Reference: Age, Report: Day of week",2021-12-31,2021-12-17,00+,DE,1107,FALSE,1,1242.6815,1242,18.5526051359011,17.7912,1208,1213.95,1227,1230,1242,1255,1258,1267,1274,1281,1.00018781030483,2215.98023400599,1877.77174924941,2021-12-31
"Reference: Age and week, Report: Day of week",2021-12-31,2021-12-17,00+,DE,1107,FALSE,1,1241.64,1241,18.6237434988499,17.7912,1208,1212,1226,1229,1241,1254,1257,1266,1273,1281,1.00169709905842,2334.91740702321,1733.92428502416,2021-12-31
"Reference: Age and week by age, Report: Day of week",2021-12-31,2021-12-17,00+,DE,1107,FALSE,1,1249.502,1249,19.61842086455,20.7564,1214,1218,1232,1235.75,1249,1263,1266,1275,1283,1288,1.0051836480344,1832.16102548143,1955.80061918804,2021-12-31
"Independent by age, Reference: Week, Report: Day of week",2021-12-31,2021-12-17,00+,DE,1107,FALSE,1,1249.5285,1249,19.4114808952144,19.2738,1215,1219,1233,1236,1249,1262,1266,1275,1283,1289,1.00010195462459,1911.20209326544,2058.7794605425,2021-12-31
"Independent by age, Reference: Week and day of week, Report: Day of week",2021-12-31,2021-12-17,00+,DE,1107,FALSE,1,1252.363,1251,20.4453475665874,19.2738,1215,1220,1236,1239,1251,1265,1269,1279,1290,1296.025,0.99944485155578,2045.90960996885,1858.12631932236,2021-12-31
"Reference: Fixed, Report: Fixed",2021-12-31,2021-12-18,00+,DE,980,FALSE,1,1152.941,1149.5,34.8128494415944,33.3585,1095,1103,1123,1128,1149.5,1175,1181,1199,1214,1227,1.00161419062068,2481.73007995693,1865.59125838921,2021-12-31
"Reference: Fixed, Report: Day of week",2021-12-31,2021-12-18,00+,DE,980,FALSE,1,1152.291,1152,21.5869478425872,20.7564,1112,1118,1134.8,1138,1152,1166,1170,1180,1189,1196,1.0021029984112,2284.51452098538,2058.98987080088,2021-12-31
"Reference: Age, Report: Day of week",2021-12-31,2021-12-18,00+,DE,980,FALSE,1,1121.2145,1120,19.9240802607578,19.2738,1086,1090,1105,1107,1120,1133.25,1137,1147,1156,1164,0.999914839685627,2179.78628796448,1651.73994340375,2021-12-31
"Reference: Age and week, Report: Day of week",2021-12-31,2021-12-18,00+,DE,980,FALSE,1,1111.876,1110,19.6324053460047,19.2738,1077,1082,1095,1098,1110,1124,1128.2,1139,1146,1154,0.999842260644527,1925.98581732946,1944.93293179275,2021-12-31
"Reference: Age and week by age, Report: Day of week",2021-12-31,2021-12-18,00+,DE,980,FALSE,1,1118.7075,1118,19.2481996650381,19.2738,1083,1088,1102,1105,1118,1131,1135,1143,1151,1157,1.00065014114963,1822.47477921161,1750.53555348699,2021-12-31
"Independent by age, Reference: Week, Report: Day of week",2021-12-31,2021-12-18,00+,DE,980,FALSE,1,1126.546,1126,20.9121864895062,20.7564,1089,1094,1108,1112,1126,1140,1143,1153,1162,1170.025,1.00068741491822,1822.74786326529,1818.34217483364,2021-12-31
"Independent by age, Reference: Week and day of week, Report: Day of week",2021-12-31,2021-12-18,00+,DE,980,FALSE,1,1127.9155,1127,20.670607072565,20.7564,1091,1096,1110,1113,1127,1141,1145,1154,1163,1172.025,1.00004331578752,2161.87236263349,1878.66637289089,2021-12-31
"Reference: Fixed, Report: Fixed",2021-12-31,2021-12-19,00+,DE,622,FALSE,1,757.496,756,27.72759264157,28.1694,709,716,734,738,756,775,780,794,807,814,0.999585139710445,2433.3351268032,2044.37385561603,2021-12-31
"Reference: Fixed, Report: Day of week",2021-12-31,2021-12-19,00+,DE,622,FALSE,1,763.1765,762,18.9980475485069,19.2738,728,733,747,750,762,775,778,787,796,802.025,0.999863023152758,2202.20170055908,1900.79654665923,2021-12-31
"Reference: Age, Report: Day of week",2021-12-31,2021-12-19,00+,DE,622,FALSE,1,737.592,737,17.0990270004518,16.3086,706.975,711,723,726,737,748,751,760,768,774,0.999591538623526,2351.7505398779,2060.37063025572,2021-12-31
"Reference: Age and week, Report: Day of week",2021-12-31,2021-12-19,00+,DE,622,FALSE,1,723.729,723,16.9628543651741,17.7912,693,698,709,711,723,735,738,746,752,760,1.00108170360024,1596.15808333026,1841.25105371981,2021-12-31
"Reference: Age and week by age, Report: Day of week",2021-12-31,2021-12-19,00+,DE,622,FALSE,1,726.5505,726,16.280140393609,16.3086,697.975,701,713,715,726,737,740,748,755,762,1.00005459485278,2239.88517278392,1936.20863913365,2021-12-31
"Independent by age, Reference: Week, Report: Day of week",2021-12-31,2021-12-19,00+,DE,622,FALSE,1,741.3975,740,17.532603624246,16.3086,708.975,714,727,730,740,752,755,764,772,779,0.999620936776644,2195.91027462656,1974.42785060371,2021-12-31
"Independent by age, Reference: Week and day of week, Report: Day of week",2021-12-31,2021-12-19,00+,DE,622,FALSE,1,734.607,734,16.467092444229,16.3086,705,710,720,723,734,745,748,756,764,769.025,1.00131785058568,2260.52074084065,1909.94710288915,2021-12-31
"Reference: Fixed, Report: Fixed",2021-12-31,2021-12-20,00+,DE,392,FALSE,1,499.7785,498,23.9588908753304,23.7216,459,465,479,483,498,514,518,530.1,540,553,1.00142398758256,2256.12238259001,1969.93219026285,2021-12-31
"Reference: Fixed, Report: Day of week",2021-12-31,2021-12-20,00+,DE,392,FALSE,1,488.6935,488,14.8995824279831,14.826,461,466,476,479,488,498,501,508,514,520,0.999611858871643,2290.82120663117,1919.95057539473,2021-12-31
"Reference: Age, Report: Day of week",2021-12-31,2021-12-20,00+,DE,392,FALSE,1,471.5035,471,13.2149273513876,13.3434,447.975,451,460,462,471,480,482,489,495,499,1.0004530175968,2009.66773676801,1762.74787563416,2021-12-31
"Reference: Age and week, Report: Day of week",2021-12-31,2021-12-20,00+,DE,392,FALSE,1,462.317,461,13.1228280224826,13.3434,439,442,451,453,461,471,473,479,485,491,1.00129004092426,1574.92565922445,1892.84781288001,2021-12-31
"Reference: Age and week by age, Report: Day of week",2021-12-31,2021-12-20,00+,DE,392,FALSE,1,455.2245,455,11.7467055933205,11.8608,434.975,438,445,447,455,463,465,471,476,480,1.00136794931878,1998.62557739334,2043.25390390899,2021-12-31
"Independent by age, Reference: Week, Report: Day of week",2021-12-31,2021-12-20,00+,DE,392,FALSE,1,471.909,471,13.3737858542014,13.3434,448,451,460,462,471,480,483,489,495.05,501,1.00093308219813,1947.57590584547,1660.79254526921,2021-12-31
"Independent by age, Reference: Week and day of week, Report: Day of week",2021-12-31,2021-12-20,00+,DE,392,FALSE,1,464.4865,464,11.9974074967604,11.8608,443,446,454,456,464,472,474,480,485,490,0.999602270307022,2111.73582984769,1981.27505765091,2021-12-31
"Reference: Fixed, Report: Fixed",2021-12-31,2021-12-21,00+,DE,858,FALSE,1,1046.5705,1043,38.5395599169126,38.5476,982.975,989.95,1013,1019,1043,1071,1079,1096,1114.05,1130.025,0.999236301103624,2289.88883000278,2092.92881965009,2021-12-31
"Reference: Fixed, Report: Day of week",2021-12-31,2021-12-21,00+,DE,858,FALSE,1,1034.535,1033,22.7666188633102,23.7216,994,999,1014,1018,1033,1050,1054,1065,1074,1081,1.00254674600879,1914.64261708576,1879.48637261876,2021-12-31
"Reference: Age, Report: Day of week",2021-12-31,2021-12-21,00+,DE,858,FALSE,1,1003.103,1002,21.9991675453037,22.239,963,969.95,984.8,987.75,1002,1017,1021,1032,1041,1050,1.00037015501696,2638.39770351267,2047.52707861721,2021-12-31
"Reference: Age and week, Report: Day of week",2021-12-31,2021-12-21,00+,DE,858,FALSE,1,1009.29,1009,22.4580961579899,22.239,967,973,990,994,1009,1024,1028,1038,1047,1056,0.999374039381697,1993.35532875427,1911.81400350503,2021-12-31
"Reference: Age and week by age, Report: Day of week",2021-12-31,2021-12-21,00+,DE,858,FALSE,1,1003.5785,1002,23.1861086767009,23.7216,962,967,984,987,1002,1019,1022,1035,1044,1051,0.999519875992568,2302.69447713595,1959.21372422831,2021-12-31
"Independent by age, Reference: Week, Report: Day of week",2021-12-31,2021-12-21,00+,DE,858,FALSE,1,1007.457,1007,21.0456078506871,20.7564,969.975,974,989,993,1007,1020,1024,1034.1,1045,1054,1.00101580858401,1988.88448156649,1996.96366938361,2021-12-31
"Independent by age, Reference: Week and day of week, Report: Day of week",2021-12-31,2021-12-21,00+,DE,858,FALSE,1,1001.375,1001,19.5432429287487,19.2738,965,970,985,988,1001,1014,1018,1026,1035,1041.025,0.999562416551635,2109.70156326142,1880.29323752578,2021-12-31
"Reference: Fixed, Report: Fixed",2021-12-31,2021-12-22,00+,DE,978,FALSE,1,1236.671,1232,53.4238693273611,51.891,1147,1157,1191,1199,1232,1268,1279,1308,1334,1356,0.999700364349621,2205.17505788154,1460.66755879069,2021-12-31
"Reference: Fixed, Report: Day of week",2021-12-31,2021-12-22,00+,DE,978,FALSE,1,1233.4935,1231,31.5371884428121,31.1346,1177,1185,1207,1212,1231,1253,1260,1275,1289,1300,0.999556960938278,2308.28295257324,1981.32522708953,2021-12-31
"Reference: Age, Report: Day of week",2021-12-31,2021-12-22,00+,DE,978,FALSE,1,1190.7865,1188,30.2315876558956,31.1346,1138,1145,1165,1169,1188,1210,1216,1231,1243,1256.025,0.99941187736533,2642.86651303811,2009.81109162784,2021-12-31
"Reference: Age and week, Report: Day of week",2021-12-31,2021-12-22,00+,DE,978,FALSE,1,1190.3055,1189,29.3850797379487,29.652,1137,1145,1165,1170,1189,1209,1214,1229,1241,1251.025,1.00070907978293,2407.95574273612,1821.12824654826,2021-12-31
"Reference: Age and week by age, Report: Day of week",2021-12-31,2021-12-22,00+,DE,978,FALSE,1,1204.5735,1202.5,34.2029021723085,33.3585,1144,1152,1175.8,1180,1202.5,1226,1232,1251,1265,1278,0.99960348168744,1997.81381267326,1853.48567745908,2021-12-31
"Independent by age, Reference: Week, Report: Day of week",2021-12-31,2021-12-22,00+,DE,978,FALSE,1,1194.11,1193,28.2042840862946,28.1694,1143,1150,1169,1174,1193,1213,1218,1232,1242,1252.025,0.999942661859402,1788.33520625708,1987.7440698451,2021-12-31
"Independent by age, Reference: Week and day of week, Report: Day of week",2021-12-31,2021-12-22,00+,DE,978,FALSE,1,1202.6075,1200.5,29.7228559838034,28.9107,1147,1156,1178,1183,1200.5,1221,1228,1242,1255,1265,1.00176770507959,2394.77379869914,2077.33826437255,2021-12-31
"Reference: Fixed, Report: Fixed",2021-12-31,2021-12-23,00+,DE,818,FALSE,1,1086.8385,1080,57.7233610504056,53.3736,991.975,1003,1039,1046,1080,1119,1130,1165,1192.05,1217,1.00065673697122,2343.72164634435,1937.32905259567,2021-12-31
"Reference: Fixed, Report: Day of week",2021-12-31,2021-12-23,00+,DE,818,FALSE,1,1092.1,1090,33.9887719447048,34.0998,1030,1041,1063,1069,1090,1114,1119,1136,1152,1163.025,1.00043298172522,2083.85381102502,1816.31318133965,2021-12-31
"Reference: Age, Report: Day of week",2021-12-31,2021-12-23,00+,DE,818,FALSE,1,1045.157,1043,32.5013926049428,32.6172,986,994,1017,1022,1043,1066,1072,1090,1100.05,1114,1.00147372999712,2702.57722391026,1765.40674917601,2021-12-31
"Reference: Age and week, Report: Day of week",2021-12-31,2021-12-23,00+,DE,818,FALSE,1,1036.0635,1035,31.8166720141977,31.1346,980,987,1008,1014,1035,1056,1062,1077,1092,1105,1.00053180310208,2332.74269706233,2048.83478736359,2021-12-31
"Reference: Age and week by age, Report: Day of week",2021-12-31,2021-12-23,00+,DE,818,FALSE,1,1051.855,1050,35.8476847683588,34.0998,986.975,995,1022,1028,1050,1074,1080,1097.1,1114,1128,1.00072539096903,1824.78668410535,1693.91788055908,2021-12-31
"Independent by age, Reference: Week, Report: Day of week",2021-12-31,2021-12-23,00+,DE,818,FALSE,1,1049.7775,1048,30.0495171423809,29.652,996,1005,1024,1028,1048,1069,1075,1090,1102,1113.025,1.00036855031384,2125.55377666782,1828.1359414111,2021-12-31
"Independent by age, Reference: Week and day of week, Report: Day of week",2021-12-31,2021-12-23,00+,DE,818,FALSE,1,1055.2585,1054,30.3555828218505,29.652,998.975,1006,1030,1035,1054,1075,1081,1097,1107.05,1118,1.00127267559801,2407.83949988516,1932.7139402738,2021-12-31
"Reference: Fixed, Report: Fixed",2021-12-31,2021-12-24,00+,DE,639,FALSE,1,885.4465,881,54.8715188375515,51.891,795,807,840,846,881,918,928,957.1,982,1012.025,1.00001051497517,2564.7152181585,1966.37373287001,2021-12-31
"Reference: Fixed, Report: Day of week",2021-12-31,2021-12-24,00+,DE,639,FALSE,1,919.7265,918,35.2594003126145,34.0998,857,867,890,895,918,941,948,967,982,995.025,1.00313959370171,2472.30965898725,1549.91350706234,2021-12-31
"Reference: Age, Report: Day of week",2021-12-31,2021-12-24,00+,DE,639,FALSE,1,873.086,871,34.048072480242,34.0998,810,822,843,848,871,895,900.2,918,932,943,1.00059831956605,2557.06220023288,1796.70403210891,2021-12-31
"Reference: Age and week, Report: Day of week",2021-12-31,2021-12-24,00+,DE,639,FALSE,1,854.7075,854,33.5776215966236,32.6172,793,801,825.8,831,854,876,881,898,913,924,1.00156673911688,2530.90849839419,1711.83232107455,2021-12-31
"Reference: Age and week by age, Report: Day of week",2021-12-31,2021-12-24,00+,DE,639,FALSE,1,854.27,853,37.6784412159823,37.065,783,793,823,829,853,879,885,905,918,932,1.00067027646511,1606.88331318569,1812.30679468296,2021-12-31
"Independent by age, Reference: Week, Report: Day of week",2021-12-31,2021-12-24,00+,DE,639,FALSE,1,846.8385,845,35.8532166523753,34.0998,781,790,816,823,845,870,876,893,907,920,1.00062209898709,1668.30055701384,1485.77092175542,2021-12-31
"Independent by age, Reference: Week and day of week, Report: Day of week",2021-12-31,2021-12-24,00+,DE,639,FALSE,1,847.382,846,38.6844842367109,38.5476,776,785,816,822,846,874,880,897,913,925,1.00169058422378,1281.38401791001,1390.2939531231,2021-12-31
"Reference: Fixed, Report: Fixed",2021-12-31,2021-12-25,00+,DE,346,FALSE,1,535.8795,530,45.4028158553387,42.9954,464.975,472.95,498,504,530,562,571,596,618,640.025,1.0001215538951,2624.09533511672,1992.83760121856,2021-12-31
"Reference: Fixed, Report: Day of week",2021-12-31,2021-12-25,00+,DE,346,FALSE,1,566.676,565,30.7367271712295,32.6172,511.975,518.95,540,545,565,588,592,606.1,621,632,0.999708547824264,2338.91316406163,1635.64327245417,2021-12-31
"Reference: Age, Report: Day of week",2021-12-31,2021-12-25,00+,DE,346,FALSE,1,530.7415,529,29.353304515727,28.1694,480,487,506.8,510,529,549,554,569,582,594.025,1.00085952427227,2831.87240023395,2040.91423736073,2021-12-31
"Reference: Age and week, Report: Day of week",2021-12-31,2021-12-25,00+,DE,346,FALSE,1,516.885,515,27.8592865113675,28.1694,468,474,493,497,515,535,540.2,554,566.05,576,1.00013148652352,2620.79307248217,1943.50625335954,2021-12-31
"Reference: Age and week by age, Report: Day of week",2021-12-31,2021-12-25,00+,DE,346,FALSE,1,494.432,492,31.942754198298,32.6172,436,444,468,472,492,516,522,538,549.05,561,0.999822175629717,1191.69733782115,1778.84540615222,2021-12-31
"Independent by age, Reference: Week, Report: Day of week",2021-12-31,2021-12-25,00+,DE,346,FALSE,1,508.481,507,30.5276040052794,31.1346,453,460,483,487,507,529,534,548,559,569,1.00101357451762,1485.59891865405,1854.62801660033,2021-12-31
"Independent by age, Reference: Week and day of week, Report: Day of week",2021-12-31,2021-12-25,00+,DE,346,FALSE,1,506.7885,506,30.6653052850304,31.1346,450,458.95,481,486,506,528,532.2,545.1,557,570,0.99928010282388,1558.20598346278,1712.48823887142,2021-12-31
"Reference: Fixed, Report: Fixed",2021-12-31,2021-12-26,00+,DE,233,FALSE,1,393.8785,390,41.9109651791882,41.5128,325,333,358,364,390,419,427,449,468,485,1.00061853576548,2534.56887520881,1836.99828118797,2021-12-31
"Reference: Fixed, Report: Day of week",2021-12-31,2021-12-26,00+,DE,233,FALSE,1,397.775,397,24.6707660673351,25.2042,353.975,360,376,381,397,414,418,430,441,452.025,0.999639718593229,2175.41170258706,1990.55054349396,2021-12-31
"Reference: Age, Report: Day of week",2021-12-31,2021-12-26,00+,DE,233,FALSE,1,366.353,365,22.0106479984724,20.7564,326,333,347.8,351,365,380,384,395,405,413.025,1.00130875944846,2325.79132783678,2101.38448933968,2021-12-31
"Reference: Age and week, Report: Day of week",2021-12-31,2021-12-26,00+,DE,233,FALSE,1,366.695,365,25.5519554283641,23.7216,322,327,346,350,365,382,387,401,411.05,424.025,0.999460837225782,2675.93392851732,1435.7517831465,2021-12-31
"Reference: Age and week by age, Report: Day of week",2021-12-31,2021-12-26,00+,DE,233,FALSE,1,323.2375,323,29.3659713594995,29.652,267,275,298,303,323,343,348,362,373,382,0.999446618278492,1033.69025205075,1417.58930741553,2021-12-31
"Independent by age, Reference: Week, Report: Day of week",2021-12-31,2021-12-26,00+,DE,233,FALSE,1,349.566,349,23.3587983580142,22.239,308,313,329,333,349,364,369,379,391,400,0.999663147792101,1708.93547567691,1689.28814572676,2021-12-31
"Independent by age, Reference: Week and day of week, Report: Day of week",2021-12-31,2021-12-26,00+,DE,233,FALSE,1,338.928,338,20.7223677281852,19.2738,301,307,321,325,338,352,356,365,374,382,0.9999653152232,1861.72968909735,1666.60045717891,2021-12-31
"Reference: Fixed, Report: Fixed",2021-12-31,2021-12-27,00+,DE,235,FALSE,1,438.2645,432,53.2803804342613,51.891,352,362,392,400,432,470.25,481,509,531,558,1.00190013346449,2462.39765229336,1838.09658676887,2021-12-31
"Reference: Fixed, Report: Day of week",2021-12-31,2021-12-27,00+,DE,235,FALSE,1,411.1835,409,27.6944817591872,28.1694,363,370,388,391,409,429,434,448,460,470.025,0.999968146024747,2216.90667664161,1876.46242989794,2021-12-31
"Reference: Age, Report: Day of week",2021-12-31,2021-12-27,00+,DE,235,FALSE,1,274.214,272,13.2266653521653,11.8608,254,256,263,265,272,281,284,292,298,306,1.00009993708318,1954.22765193546,1836.13293226868,2021-12-31
"Reference: Age and week, Report: Day of week",2021-12-31,2021-12-27,00+,DE,235,FALSE,1,299.7185,291,32.0599622323416,26.6868,259,263,273,276,291,317,325,346,365.05,383,1.00659061945379,554.430929357267,681.413340708047,2021-12-31
"Reference: Age and week by age, Report: Day of week",2021-12-31,2021-12-27,00+,DE,235,FALSE,1,284.4765,282,15.4718174859374,13.3434,260,263,272,274,282,293,296,304,312,320,1.00210469495819,994.85843573621,1015.78465293318,2021-12-31
"Independent by age, Reference: Week, Report: Day of week",2021-12-31,2021-12-27,00+,DE,235,FALSE,1,357.7265,357,25.009026839558,25.2042,312,318,336,340,357,374,378,390,401.05,409,1.00151976857297,1472.9136058368,1665.84803763781,2021-12-31
"Independent by age, Reference: Week and day of week, Report: Day of week",2021-12-31,2021-12-27,00+,DE,235,FALSE,1,339.146,338,20.0726714731755,20.0151,302.975,308,322,325,338,352,356,365,373,381.025,1.00013835460543,1677.42485881322,1477.77365154674,2021-12-31
"Reference: Fixed, Report: Fixed",2021-12-31,2021-12-28,00+,DE,603,FALSE,1,1011.629,997,105.450795606989,96.369,852,870.95,923.8,936,997,1070,1088.2,1155,1212,1261,0.999972708369709,2404.93575240984,1838.21070325946,2021-12-31
"Reference: Fixed, Report: Day of week",2021-12-31,2021-12-28,00+,DE,603,FALSE,1,959.323,957,50.5025833642521,50.4084,868.975,880,917,923,957,990,1000,1024,1047,1071.025,1.00206458864802,2758.9044492194,1871.60996933019,2021-12-31
"Reference: Age, Report: Day of week",2021-12-31,2021-12-28,00+,DE,603,FALSE,1,692.2985,689,25.147695740376,23.7216,652,658,671,675,689,706,712,726,740,749.025,1.00101210325767,1755.76483539914,1637.56810480946,2021-12-31
"Reference: Age and week, Report: Day of week",2021-12-31,2021-12-28,00+,DE,603,FALSE,1,729.2955,714,57.9902976113981,45.9606,657,663,683,688,714,756,770,812,850.1,875.025,1.0070642655085,581.972619781506,1159.66040434911,2021-12-31
"Reference: Age and week by age, Report: Day of week",2021-12-31,2021-12-28,00+,DE,603,FALSE,1,684.7435,682,24.572395264901,23.7216,642,648,664,667,682,699,705,718,727,739.025,1.0005044796186,1903.74731717739,1924.04496904844,2021-12-31
"Independent by age, Reference: Week, Report: Day of week",2021-12-31,2021-12-28,00+,DE,603,FALSE,1,855.096,852,46.8633104777551,47.4432,770,783,814,821,852,886,895,916,935,950.025,1.00207714497632,1490.31519196794,1703.38330043316,2021-12-31
"Independent by age, Reference: Week and day of week, Report: Day of week",2021-12-31,2021-12-28,00+,DE,603,FALSE,1,834.7725,832,42.895556391415,41.5128,759,769.95,799,805,832,862,869,891,912,928,1.000441372546,1644.16253826776,1798.90074509483,2021-12-31
"Reference: Fixed, Report: Fixed",2021-12-31,2021-12-29,00+,DE,596,FALSE,1,1212.156,1190,166.922197966858,156.4143,956.95,984,1071.8,1091,1190,1305,1336,1427,1511,1603,0.999562448773174,2537.86712081085,1943.12646909501,2021-12-31
"Reference: Fixed, Report: Day of week",2021-12-31,2021-12-29,00+,DE,596,FALSE,1,1130.8165,1125,80.6029419120198,80.0604,989.975,1012,1061.8,1072,1125,1181,1197,1238.1,1275.05,1300,0.999574932650185,2264.02853601415,1845.93806290799,2021-12-31
"Reference: Age, Report: Day of week",2021-12-31,2021-12-29,00+,DE,596,FALSE,1,753.2505,749,38.8903198526204,37.065,689,696,720,726,749,776,783,804,821,839,0.999619644895364,2250.64466951096,1975.98989097823,2021-12-31
"Reference: Age and week, Report: Day of week",2021-12-31,2021-12-29,00+,DE,596,FALSE,1,779.3945,762,73.8828478562764,57.8214,685,694.95,721,728,762,813,829,880,927.05,969,1.00359023116865,737.558725624133,834.302445964613,2021-12-31
"Reference: Age and week by age, Report: Day of week",2021-12-31,2021-12-29,00+,DE,596,FALSE,1,717.3085,712,46.2735447985576,45.9606,645,653,677,683,712,744.25,753,778,802,823.025,1.00012276986389,962.465748991277,1749.78976151503,2021-12-31
"Independent by age, Reference: Week, Report: Day of week",2021-12-31,2021-12-29,00+,DE,596,FALSE,1,974.84,969,72.2109244422505,71.1648,851,864,914,925,969,1022,1035,1071,1099.05,1131,1.00136697304442,1713.44124959122,1821.28180505118,2021-12-31
"Independent by age, Reference: Week and day of week, Report: Day of week",2021-12-31,2021-12-29,00+,DE,596,FALSE,1,990.622,985,79.636851583077,74.13,851.975,870.95,923,938,985,1036.25,1051,1096,1132,1164.025,1.00022763446249,1672.33063879787,1724.97983065352,2021-12-31
"Reference: Fixed, Report: Fixed",2021-12-31,2021-12-30,00+,DE,431,FALSE,1,1227.5395,1184,254.966488768519,225.3552,855,900.95,1014.8,1047,1184,1359,1416,1568,1712,1833.15,0.999539695948322,2656.06796166889,2102.00574409643,2021-12-31
"Reference: Fixed, Report: Day of week",2021-12-31,2021-12-30,00+,DE,431,FALSE,1,1090.778,1078,117.440090273304,111.195,893,920.95,995,1008,1078,1163,1185,1246.1,1304.05,1348.025,1.00173547701539,2622.23024826555,2019.55330085688,2021-12-31
"Reference: Age, Report: Day of week",2021-12-31,2021-12-30,00+,DE,431,FALSE,1,679.117,673,55.8062494684948,53.3736,586,599.95,633,641,673,713,723,752.1,778.05,801,1.0006807054879,2186.83915496634,1662.52210586025,2021-12-31
"Reference: Age and week, Report: Day of week",2021-12-31,2021-12-30,00+,DE,431,FALSE,1,656.657,642,80.775185956661,66.717,544.975,555,593.8,602,642,696,712,759,817.05,870.025,1.00416341790705,997.248434644532,775.26402341486,2021-12-31
"Reference: Age and week by age, Report: Day of week",2021-12-31,2021-12-30,00+,DE,431,FALSE,1,649.6235,642.5,75.1601641355741,70.4235,525.975,539.95,586,598,642.5,695,709,746.1,783.05,818.025,1.00232767045236,1222.74498792583,1372.28410927433,2021-12-31
"Independent by age, Reference: Week, Report: Day of week",2021-12-31,2021-12-30,00+,DE,431,FALSE,1,898.1095,889,95.1934367745617,90.4386,733.975,756.95,818,831.75,889,956.25,975.2,1023,1070.05,1113.05,1.00029773423069,1951.48786585641,1926.22608898355,2021-12-31
"Independent by age, Reference: Week and day of week, Report: Day of week",2021-12-31,2021-12-30,00+,DE,431,FALSE,1,917.6275,907,98.0989778156441,94.8864,749.975,771,835,848,907,978,997,1045,1089.05,1133.05,1.00197891370966,2030.24154019485,1790.30451395729,2021-12-31
"Reference: Fixed, Report: Fixed",2021-12-31,2021-12-31,00+,DE,221,FALSE,1,1249.2995,1161,422.444726056601,351.3762,689,745,910,953,1161,1447.5,1543.2,1795.3,2078.05,2287.375,1.00067107274823,2514.51627331345,1850.34270841352,2021-12-31
"Reference: Fixed, Report: Day of week",2021-12-31,2021-12-31,00+,DE,221,FALSE,1,956.486,933,178.874763156928,169.7577,672,709.95,806,827,933,1062,1098,1191,1289.05,1366.075,1.00019483390827,3224.84471454139,1867.77731702086,2021-12-31
"Reference: Age, Report: Day of week",2021-12-31,2021-12-31,00+,DE,221,FALSE,1,608.7465,594.5,105.05200235764,94.1451,438,462,521,535,594.5,664,685,748.1,807,861.025,1.00153901762997,2213.16872032903,1899.25588727387,2021-12-31
"Reference: Age and week, Report: Day of week",2021-12-31,2021-12-31,00+,DE,221,FALSE,1,548.1205,532,102.988651369486,90.4386,391,411,464,476,532,603,621.2,684,739.05,798.149999999999,1.00040537472435,1662.6053473313,1737.52706132983,2021-12-31
"Reference: Age and week by age, Report: Day of week",2021-12-31,2021-12-31,00+,DE,221,FALSE,1,652.5595,635,147.756324485494,142.3296,422.975,446,526,545,635,739,768,841.1,919,980.05,1.00217700094795,1941.34240038449,1487.98363451851,2021-12-31
"Independent by age, Reference: Week, Report: Day of week",2021-12-31,2021-12-31,00+,DE,221,FALSE,1,767.7915,742.5,176.467414561304,156.4143,501.975,533.95,625.8,647,742.5,863.25,892,989.2,1082.05,1198.025,0.999466688124569,1903.63028361431,1692.38659381314,2021-12-31
"Independent by age, Reference: Week and day of week, Report: Day of week",2021-12-31,2021-12-31,00+,DE,221,FALSE,1,833.6955,809,198.796568928286,183.8424,528.95,565.95,671,692,809,946,982,1085.1,1194.15,1298.225,1.00029478923911,2119.3253348866,1436.84939050341,2021-12-31
"Reference: Fixed, Report: Fixed",2021-12-31,2021-11-22,00-04,DE,13,FALSE,2,13,13,0,0,13,13,13,13,13,13,13,13,13,13,,,,2021-12-31
"Reference: Fixed, Report: Day of week",2021-12-31,2021-11-22,00-04,DE,13,FALSE,2,13,13,0,0,13,13,13,13,13,13,13,13,13,13,,,,2021-12-31
"Reference: Age, Report: Day of week",2021-12-31,2021-11-22,00-04,DE,13,FALSE,2,13,13,0,0,13,13,13,13,13,13,13,13,13,13,,,,2021-12-31
"Reference: Age and week, Report: Day of week",2021-12-31,2021-11-22,00-04,DE,13,FALSE,2,13,13,0,0,13,13,13,13,13,13,13,13,13,13,,,,2021-12-31
"Reference: Age and week by age, Report: Day of week",2021-12-31,2021-11-22,00-04,DE,13,FALSE,2,13,13,0,0,13,13,13,13,13,13,13,13,13,13,,,,2021-12-31
"Independent by age, Reference: Week, Report: Day of week",2021-12-31,2021-11-22,00-04,DE,13,FALSE,1,13,13,0,0,13,13,13,13,13,13,13,13,13,13,,,,2021-12-31
"Independent by age, Reference: Week and day of week, Report: Day of week",2021-12-31,2021-11-22,00-04,DE,13,FALSE,1,13,13,0,0,13,13,13,13,13,13,13,13,13,13,,,,2021-12-31
"Reference: Fixed, Report: Fixed",2021-12-31,2021-11-23,00-04,DE,23,FALSE,2,23.0365,23,0.190225768289842,0,23,23,23,23,23,23,23,23,23,24,0.999366183549429,1987.21619857143,1984.23802965911,2021-12-31
"Reference: Fixed, Report: Day of week",2021-12-31,2021-11-23,00-04,DE,23,FALSE,2,23.005,23,0.0705513199335929,0,23,23,23,23,23,23,23,23,23,23,1.00020577826382,2026.06443890794,2026.06443890794,2021-12-31
"Reference: Age, Report: Day of week",2021-12-31,2021-11-23,00-04,DE,23,FALSE,2,23.005,23,0.0705513199335929,0,23,23,23,23,23,23,23,23,23,23,1.00154951244613,2023.30362456746,2023.30362456746,2021-12-31
"Reference: Age and week, Report: Day of week",2021-12-31,2021-11-23,00-04,DE,23,FALSE,2,23.0035,23,0.0590719455187798,0,23,23,23,23,23,23,23,23,23,23,0.999907355264415,2020.47570296015,2020.47570296015,2021-12-31
"Reference: Age and week by age, Report: Day of week",2021-12-31,2021-11-23,00-04,DE,23,FALSE,2,23.006,23,0.0772462522828511,0,23,23,23,23,23,23,23,23,23,23,0.999222889372359,1592.79189115047,1592.79189115047,2021-12-31
"Independent by age, Reference: Week, Report: Day of week",2021-12-31,2021-11-23,00-04,DE,23,FALSE,1,23.0255,23,0.160818784166124,0,23,23,23,23,23,23,23,23,23,23.0249999999999,0.999227917671365,1951.16060226303,1947.50414147491,2021-12-31
"Independent by age, Reference: Week and day of week, Report: Day of week",2021-12-31,2021-11-23,00-04,DE,23,FALSE,1,23.0345,23,0.185275237030555,0,23,23,23,23,23,23,23,23,23,24,0.999234321921546,1844.71010674399,1816.07967552446,2021-12-31
"Reference: Fixed, Report: Fixed",2021-12-31,2021-11-24,00-04,DE,35,FALSE,2,35.0785,35,0.27454587543589,0,35,35,35,35,35,35,35,35,36,36,0.999628224443322,1981.77280564814,1971.45205560275,2021-12-31
"Reference: Fixed, Report: Day of week",2021-12-31,2021-11-24,00-04,DE,35,FALSE,2,35.012,35,0.108912492237956,0,35,35,35,35,35,35,35,35,35,35,0.999336657625578,2057.62584190851,2057.62584190851,2021-12-31
"Reference: Age, Report: Day of week",2021-12-31,2021-11-24,00-04,DE,35,FALSE,2,35.013,35,0.11330233320349,0,35,35,35,35,35,35,35,35,35,35,0.999882673518892,2021.82056575794,2021.82056575794,2021-12-31
"Reference: Age and week, Report: Day of week",2021-12-31,2021-11-24,00-04,DE,35,FALSE,2,35.0155,35,0.127545615142078,0,35,35,35,35,35,35,35,35,35,35,0.999277145081561,1939.0741656238,1935.40029328896,2021-12-31
"Reference: Age and week by age, Report: Day of week",2021-12-31,2021-11-24,00-04,DE,35,FALSE,2,35.0135,35,0.119686726315946,0,35,35,35,35,35,35,35,35,35,35,1.00048851725575,2019.61586415144,2013.5993639576,2021-12-31
"Independent by age, Reference: Week, Report: Day of week",2021-12-31,2021-11-24,00-04,DE,35,FALSE,1,35.0505,35,0.227981880571537,0,35,35,35,35,35,35,35,35,35,36,0.999582416276447,1942.18841647329,1949.75231106905,2021-12-31
"Independent by age, Reference: Week and day of week, Report: Day of week",2021-12-31,2021-11-24,00-04,DE,35,FALSE,1,35.046,35,0.223403121010515,0,35,35,35,35,35,35,35,35,35,36,0.999246049070107,1943.82805172287,1942.80046452907,2021-12-31
"Reference: Fixed, Report: Fixed",2021-12-31,2021-11-25,00-04,DE,20,FALSE,2,20.1295,20,0.368507325333449,0,20,20,20,20,20,20,20,21,21,21,0.999627206947152,2014.9715380302,2019.09193972984,2021-12-31
"Reference: Fixed, Report: Day of week",2021-12-31,2021-11-25,00-04,DE,20,FALSE,2,20.035,20,0.189190106634105,0,20,20,20,20,20,20,20,20,20,21,1.00036881275296,2087.58186624462,2085.94745133343,2021-12-31
"Reference: Age, Report: Day of week",2021-12-31,2021-11-25,00-04,DE,20,FALSE,2,20.0265,20,0.163741123661067,0,20,20,20,20,20,20,20,20,20,21,0.999411616160278,2117.99945630727,2118.44232390563,2021-12-31
"Reference: Age and week, Report: Day of week",2021-12-31,2021-11-25,00-04,DE,20,FALSE,2,20.0225,20,0.151674825288553,0,20,20,20,20,20,20,20,20,20,20,1.00157098374056,2082.33953190359,2046.44596901317,2021-12-31
"Reference: Age and week by age, Report: Day of week",2021-12-31,2021-11-25,00-04,DE,20,FALSE,2,20.025,20,0.156163995840265,0,20,20,20,20,20,20,20,20,20,20.0249999999999,0.999245467618207,2028.64259930548,2028.64259930548,2021-12-31
"Independent by age, Reference: Week, Report: Day of week",2021-12-31,2021-11-25,00-04,DE,20,FALSE,1,20.074,20,0.276698899782002,0,20,20,20,20,20,20,20,20,21,21,0.999112555881106,1715.81847128502,1670.08460124121,2021-12-31
"Independent by age, Reference: Week and day of week, Report: Day of week",2021-12-31,2021-11-25,00-04,DE,20,FALSE,1,20.069,20,0.268840357031426,0,20,20,20,20,20,20,20,20,21,21,0.999622915143956,1857.91731839455,1873.39725472878,2021-12-31
"Reference: Fixed, Report: Fixed",2021-12-31,2021-11-26,00-04,DE,19,FALSE,2,19.173,19,0.414918158844934,0,19,19,19,19,19,19,19,20,20,20,0.999652521289624,2016.48441352069,2019.12969275659,2021-12-31
"Reference: Fixed, Report: Day of week",2021-12-31,2021-11-26,00-04,DE,19,FALSE,2,19.051,19,0.22896552711337,0,19,19,19,19,19,19,19,19,19,20,1.0000625329427,2137.62823051123,2135.21402346869,2021-12-31
"Reference: Age, Report: Day of week",2021-12-31,2021-11-26,00-04,DE,19,FALSE,2,19.0565,19,0.237351886360693,0,19,19,19,19,19,19,19,19,20,20,0.999381159461132,1763.79847857415,1766.88311590494,2021-12-31
"Reference: Age and week, Report: Day of week",2021-12-31,2021-11-26,00-04,DE,19,FALSE,2,19.042,19,0.203117277241886,0,19,19,19,19,19,19,19,19,19,20,1.00014927219914,1844.07656603343,1829.89352001539,2021-12-31
"Reference: Age and week by age, Report: Day of week",2021-12-31,2021-11-26,00-04,DE,19,FALSE,2,19.052,19,0.226542845462873,0,19,19,19,19,19,19,19,19,20,20,0.999374523748279,2034.29497585327,2010.74723606092,2021-12-31
"Independent by age, Reference: Week, Report: Day of week",2021-12-31,2021-11-26,00-04,DE,19,FALSE,1,19.0985,19,0.312804528958051,0,19,19,19,19,19,19,19,19,20,20,0.999607995432308,1723.97894318342,1711.26760396776,2021-12-31
"Independent by age, Reference: Week and day of week, Report: Day of week",2021-12-31,2021-11-26,00-04,DE,19,FALSE,1,19.1285,19,0.387379376568623,0,19,19,19,19,19,19,19,20,20,20,0.999916616370975,1496.91442772017,1557.25034969555,2021-12-31
"Reference: Fixed, Report: Fixed",2021-12-31,2021-11-27,00-04,DE,24,FALSE,2,24.2,24,0.462717033970831,0,24,24,24,24,24,24,24,25,25,25,0.999647016364395,2164.50300857947,1797.42867735363,2021-12-31
"Reference: Fixed, Report: Day of week",2021-12-31,2021-11-27,00-04,DE,24,FALSE,2,24.0865,24,0.289930646689764,0,24,24,24,24,24,24,24,24,25,25,0.999562928949107,1950.51436924326,1953.29590193343,2021-12-31
"Reference: Age, Report: Day of week",2021-12-31,2021-11-27,00-04,DE,24,FALSE,2,24.06,24,0.247852204665762,0,24,24,24,24,24,24,24,24,25,25,0.999266628612529,1966.72260626083,1993.61603775259,2021-12-31
"Reference: Age and week, Report: Day of week",2021-12-31,2021-11-27,00-04,DE,24,FALSE,2,24.059,24,0.239891170923282,0,24,24,24,24,24,24,24,24,25,25,0.999985110566253,2002.28044990035,2008.04822509301,2021-12-31
"Reference: Age and week by age, Report: Day of week",2021-12-31,2021-11-27,00-04,DE,24,FALSE,2,24.062,24,0.253353693572885,0,24,24,24,24,24,24,24,24,25,25,1.00258083341965,2081.97605441778,2015.26967484623,2021-12-31
"Independent by age, Reference: Week, Report: Day of week",2021-12-31,2021-11-27,00-04,DE,24,FALSE,1,24.134,24,0.374318122762597,0,24,24,24,24,24,24,24,25,25,25,0.999824348121368,1801.36807115293,1835.26355086286,2021-12-31
"Independent by age, Reference: Week and day of week, Report: Day of week",2021-12-31,2021-11-27,00-04,DE,24,FALSE,1,24.1375,24,0.388161157951528,0,24,24,24,24,24,24,24,25,25,25,0.999760822118074,2041.6696202766,1983.99968250996,2021-12-31
"Reference: Fixed, Report: Fixed",2021-12-31,2021-11-28,00-04,DE,4,FALSE,2,4.2685,4,0.518210402260033,0,4,4,4,4,4,4,5,5,5,6,1.0007658803702,1884.50041827591,1782.57838407106,2021-12-31
"Reference: Fixed, Report: Day of week",2021-12-31,2021-11-28,00-04,DE,4,FALSE,2,4.1215,4,0.35468387378786,0,4,4,4,4,4,4,4,5,5,5,0.99957532127135,1810.48087440334,1810.36551221534,2021-12-31
"Reference: Age, Report: Day of week",2021-12-31,2021-11-28,00-04,DE,4,FALSE,2,4.083,4,0.281337120351446,0,4,4,4,4,4,4,4,4,5,5,0.999182264992895,1856.74235483423,1842.37012957739,2021-12-31
"Reference: Age and week, Report: Day of week",2021-12-31,2021-11-28,00-04,DE,4,FALSE,2,4.081,4,0.287193732731165,0,4,4,4,4,4,4,4,4,5,5,1.00045509055798,2003.02371136858,2023.71709752632,2021-12-31
"Reference: Age and week by age, Report: Day of week",2021-12-31,2021-11-28,00-04,DE,4,FALSE,2,4.087,4,0.290642799013341,0,4,4,4,4,4,4,4,4,5,5,0.999010452724297,1857.32730212874,1836.2710525477,2021-12-31
"Independent by age, Reference: Week, Report: Day of week",2021-12-31,2021-11-28,00-04,DE,4,FALSE,1,4.1235,4,0.356807238859936,0,4,4,4,4,4,4,4,5,5,5,1.00055207492278,1936.9217395191,1786.09787087463,2021-12-31
"Independent by age, Reference: Week and day of week, Report: Day of week",2021-12-31,2021-11-28,00-04,DE,4,FALSE,1,4.117,4,0.358294833333942,0,4,4,4,4,4,4,4,5,5,5,0.999942528309825,2155.67436690352,2053.35503873195,2021-12-31
"Reference: Fixed, Report: Fixed",2021-12-31,2021-11-29,00-04,DE,20,FALSE,2,20.3435,20,0.591339658145509,0,20,20,20,20,20,21,21,21,21,22,1.00217788430136,1964.98624252183,1909.75434515925,2021-12-31
"Reference: Fixed, Report: Day of week",2021-12-31,2021-11-29,00-04,DE,20,FALSE,2,20.1425,20,0.37585154275471,0,20,20,20,20,20,20,20,21,21,21,0.999791188351851,2019.86888184407,2035.1617633947,2021-12-31
"Reference: Age, Report: Day of week",2021-12-31,2021-11-29,00-04,DE,20,FALSE,2,20.1355,20,0.367705525763264,0,20,20,20,20,20,20,20,21,21,21,1.00060314548608,2138.72596488587,2042.74194332553,2021-12-31
"Reference: Age and week, Report: Day of week",2021-12-31,2021-11-29,00-04,DE,20,FALSE,2,20.1085,20,0.325239358504102,0,20,20,20,20,20,20,20,21,21,21,0.999738854936419,1998.77923690394,1999.75856851963,2021-12-31
"Reference: Age and week by age, Report: Day of week",2021-12-31,2021-11-29,00-04,DE,20,FALSE,2,20.1035,20,0.331425212281244,0,20,20,20,20,20,20,20,20,21,21,1.00012057956546,1890.25335169099,1857.12993591712,2021-12-31
"Independent by age, Reference: Week, Report: Day of week",2021-12-31,2021-11-29,00-04,DE,20,FALSE,1,20.182,20,0.453849082289198,0,20,20,20,20,20,20,20,21,21,21,0.999125715168879,1966.55113552532,1991.66785327808,2021-12-31
"Independent by age, Reference: Week and day of week, Report: Day of week",2021-12-31,2021-11-29,00-04,DE,20,FALSE,1,20.2925,20,0.57715708880042,0,20,20,20,20,20,20,21,21,21,22,0.999649593859661,1773.66203261171,1814.23134746686,2021-12-31
"Reference: Fixed, Report: Fixed",2021-12-31,2021-11-30,00-04,DE,29,FALSE,2,29.3885,29,0.626708969192266,0,29,29,29,29,29,30,30,30,31,31,0.999029410855027,1898.72143456478,1983.60176712044,2021-12-31
"Reference: Fixed, Report: Day of week",2021-12-31,2021-11-30,00-04,DE,29,FALSE,2,29.179,29,0.43709784632692,0,29,29,29,29,29,29,29,30,30,30,1.0007498075932,1916.26949324458,1939.92602390509,2021-12-31
"Reference: Age, Report: Day of week",2021-12-31,2021-11-30,00-04,DE,29,FALSE,2,29.151,29,0.396582448955334,0,29,29,29,29,29,29,29,30,30,30,0.999217200214148,2065.37668653706,2055.19418780339,2021-12-31
"Reference: Age and week, Report: Day of week",2021-12-31,2021-11-30,00-04,DE,29,FALSE,2,29.1395,29,0.368927911524665,0,29,29,29,29,29,29,29,30,30,30,1.00039378363828,2005.55431198565,1970.38315277309,2021-12-31
"Reference: Age and week by age, Report: Day of week",2021-12-31,2021-11-30,00-04,DE,29,FALSE,2,29.143,29,0.376326734242271,0,29,29,29,29,29,29,29,30,30,30,0.999823521879893,1986.47191846749,1681.3882545528,2021-12-31
"Independent by age, Reference: Week, Report: Day of week",2021-12-31,2021-11-30,00-04,DE,29,FALSE,1,29.209,29,0.468432187575938,0,29,29,29,29,29,29,29,30,30,30.0249999999999,0.999234306330971,1992.67032645737,1891.36013553143,2021-12-31
"Independent by age, Reference: Week and day of week, Report: Day of week",2021-12-31,2021-11-30,00-04,DE,29,FALSE,1,29.2495,29,0.543504782614065,0,29,29,29,29,29,29,30,30,30,31,0.999274552380184,2011.50673324944,2007.52561510232,2021-12-31
"Reference: Fixed, Report: Fixed",2021-12-31,2021-12-01,00-04,DE,24,FALSE,2,24.474,24,0.714548311624079,0,24,24,24,24,24,25,25,25,26,26,1.00178662011742,1804.94934104824,1459.50601848606,2021-12-31
"Reference: Fixed, Report: Day of week",2021-12-31,2021-12-01,00-04,DE,24,FALSE,2,24.215,24,0.475276702534414,0,24,24,24,24,24,24,24,25,25,25,1.00060349940071,2087.55935739886,1932.98678343776,2021-12-31
"Reference: Age, Report: Day of week",2021-12-31,2021-12-01,00-04,DE,24,FALSE,2,24.222,24,0.462409895499359,0,24,24,24,24,24,24,25,25,25,25,1.00142539483636,1894.11190687654,1889.3966846146,2021-12-31
"Reference: Age and week, Report: Day of week",2021-12-31,2021-12-01,00-04,DE,24,FALSE,2,24.1985,24,0.45188477505329,0,24,24,24,24,24,24,24,25,25,25,0.999958068406062,1936.65698587723,1776.82089700429,2021-12-31
"Reference: Age and week by age, Report: Day of week",2021-12-31,2021-12-01,00-04,DE,24,FALSE,2,24.215,24,0.462473719221412,0,24,24,24,24,24,24,24,25,25,25,0.999020622909303,1914.58899824636,1896.95147563348,2021-12-31
"Independent by age, Reference: Week, Report: Day of week",2021-12-31,2021-12-01,00-04,DE,24,FALSE,1,24.262,24,0.519124980493798,0,24,24,24,24,24,24,25,25,25,26,0.999921714184565,1867.58534474935,1845.60542888921,2021-12-31
"Independent by age, Reference: Week and day of week, Report: Day of week",2021-12-31,2021-12-01,00-04,DE,24,FALSE,1,24.1945,24,0.456918085731496,0,24,24,24,24,24,24,24,25,25,25,1.00044554669351,2003.28933550848,1989.9867601431,2021-12-31
"Reference: Fixed, Report: Fixed",2021-12-31,2021-12-02,00-04,DE,31,FALSE,2,31.5665,31,0.756216689739734,0,31,31,31,31,31,32,32,33,33,33,0.99969456763383,2075.77905029609,1794.50472303922,2021-12-31
"Reference: Fixed, Report: Day of week",2021-12-31,2021-12-02,00-04,DE,31,FALSE,2,31.33,31,0.590147555335557,0,31,31,31,31,31,32,32,32,32.05,33,0.999234541933743,2104.41325817268,1983.60163062647,2021-12-31
"Reference: Age, Report: Day of week",2021-12-31,2021-12-02,00-04,DE,31,FALSE,2,31.296,31,0.55184804804771,0,31,31,31,31,31,32,32,32,32,33,1.00065636365673,2024.7821777637,1865.26928770904,2021-12-31
"Reference: Age and week, Report: Day of week",2021-12-31,2021-12-02,00-04,DE,31,FALSE,2,31.2705,31,0.525802228972069,0,31,31,31,31,31,31,32,32,32,33,1.00116584709806,1892.66179367918,1868.43189835661,2021-12-31
"Reference: Age and week by age, Report: Day of week",2021-12-31,2021-12-02,00-04,DE,31,FALSE,2,31.311,31,0.566956541420884,0,31,31,31,31,31,32,32,32,32,33,1.00099156297069,1827.04384423873,1761.28246333656,2021-12-31
"Independent by age, Reference: Week, Report: Day of week",2021-12-31,2021-12-02,00-04,DE,31,FALSE,1,31.3695,31,0.60593178383654,0,31,31,31,31,31,32,32,32,33,33,0.999620372683504,1657.57075556428,1704.43456300332,2021-12-31
"Independent by age, Reference: Week and day of week, Report: Day of week",2021-12-31,2021-12-02,00-04,DE,31,FALSE,1,31.286,31,0.555300080217485,0,31,31,31,31,31,31,32,32,32,33,1.00002469227852,1954.91460161227,1934.69483909012,2021-12-31
"Reference: Fixed, Report: Fixed",2021-12-31,2021-12-03,00-04,DE,17,FALSE,2,17.57,17,0.774854954233404,0,17,17,17,17,17,18,18,19,19,19.0249999999999,0.999202763932538,1868.33706263147,1843.36231631464,2021-12-31
"Reference: Fixed, Report: Day of week",2021-12-31,2021-12-03,00-04,DE,17,FALSE,2,17.3805,17,0.615556012562871,0,17,17,17,17,17,18,18,18,19,19,1.00020863061405,2051.60585581822,2032.95129445326,2021-12-31
"Reference: Age, Report: Day of week",2021-12-31,2021-12-03,00-04,DE,17,FALSE,2,17.2835,17,0.528457551456923,0,17,17,17,17,17,17,18,18,18,19,0.999375279168889,1804.77312449415,1791.02597524138,2021-12-31
"Reference: Age and week, Report: Day of week",2021-12-31,2021-12-03,00-04,DE,17,FALSE,2,17.3115,17,0.566240288245208,0,17,17,17,17,17,18,18,18,18,19,0.999356253698693,2002.48995406974,1983.74453672228,2021-12-31
"Reference: Age and week by age, Report: Day of week",2021-12-31,2021-12-03,00-04,DE,17,FALSE,2,17.3035,17,0.564399701906154,0,17,17,17,17,17,18,18,18,18,19,0.999902007487119,1681.7522536421,1595.48991718537,2021-12-31
"Independent by age, Reference: Week, Report: Day of week",2021-12-31,2021-12-03,00-04,DE,17,FALSE,1,17.395,17,0.67022354464753,0,17,17,17,17,17,18,18,18,19,19,1.0005392076408,1731.35473636417,1692.89963181834,2021-12-31
"Independent by age, Reference: Week and day of week, Report: Day of week",2021-12-31,2021-12-03,00-04,DE,17,FALSE,1,17.5275,17,0.795965156439107,0,17,17,17,17,17,18,18,19,19,19,1.00130312500007,1587.72997940767,1573.49673725892,2021-12-31
"Reference: Fixed, Report: Fixed",2021-12-31,2021-12-04,00-04,DE,19,FALSE,2,19.6825,19,0.843237377395783,0,19,19,19,19,19,20,20,21,21,22,0.999190419309426,1965.49120472272,1957.44238475238,2021-12-31
"Reference: Fixed, Report: Day of week",2021-12-31,2021-12-04,00-04,DE,19,FALSE,2,19.469,19,0.709429802956333,0,19,19,19,19,19,20,20,20,21,21,0.999539107315223,2049.84217883258,1673.33196641209,2021-12-31
"Reference: Age, Report: Day of week",2021-12-31,2021-12-04,00-04,DE,19,FALSE,2,19.358,19,0.597506909795717,0,19,19,19,19,19,20,20,20,20.05,21,1.00353765094347,1797.04890098733,1776.2121000623,2021-12-31
"Reference: Age and week, Report: Day of week",2021-12-31,2021-12-04,00-04,DE,19,FALSE,2,19.388,19,0.628214395460126,0,19,19,19,19,19,20,20,20,21,21,0.999539560059361,1968.64363240065,1901.89391151511,2021-12-31
"Reference: Age and week by age, Report: Day of week",2021-12-31,2021-12-04,00-04,DE,19,FALSE,2,19.419,19,0.663067741195956,0,19,19,19,19,19,20,20,20,21,21,0.999124847901823,2056.75964311047,1775.93518852828,2021-12-31
"Independent by age, Reference: Week, Report: Day of week",2021-12-31,2021-12-04,00-04,DE,19,FALSE,1,19.4405,19,0.683881273905346,0,19,19,19,19,19,20,20,20,21,21,0.99917377105798,1803.24190253373,1787.0490114674,2021-12-31
"Independent by age, Reference: Week and day of week, Report: Day of week",2021-12-31,2021-12-04,00-04,DE,19,FALSE,1,19.504,19,0.760442724055063,0,19,19,19,19,19,20,20,20,21,21,1.00103732115886,1958.98000454142,1763.89742840334,2021-12-31
"Reference: Fixed, Report: Fixed",2021-12-31,2021-12-05,00-04,DE,18,FALSE,2,18.749,19,0.896326224290116,1.4826,18,18,18,18,19,19,19,20,20,21,1.00217993125143,2040.7102927745,1997.38737332067,2021-12-31
"Reference: Fixed, Report: Day of week",2021-12-31,2021-12-05,00-04,DE,18,FALSE,2,18.591,18,0.752331044820364,0,18,18,18,18,18,19,19,20,20,20,0.99927385260453,2054.59055177152,1884.59114651124,2021-12-31
"Reference: Age, Report: Day of week",2021-12-31,2021-12-05,00-04,DE,18,FALSE,2,18.471,18,0.686581894131119,0,18,18,18,18,18,19,19,19,20,20,0.999929081825528,1714.55918623962,1782.03890272287,2021-12-31
"Reference: Age and week, Report: Day of week",2021-12-31,2021-12-05,00-04,DE,18,FALSE,2,18.4385,18,0.655310969107886,0,18,18,18,18,18,19,19,19,20,20,1.00018905626129,1965.29928045609,1866.06291934666,2021-12-31
"Reference: Age and week by age, Report: Day of week",2021-12-31,2021-12-05,00-04,DE,18,FALSE,2,18.45,18,0.684641780191358,0,18,18,18,18,18,19,19,19,20,20,1.00122432252753,1949.32457767382,1884.18515763531,2021-12-31
"Independent by age, Reference: Week, Report: Day of week",2021-12-31,2021-12-05,00-04,DE,18,FALSE,1,18.4795,18,0.726528507242433,0,18,18,18,18,18,19,19,19,20,20,0.999744714439645,1962.79721624875,2000.71338861495,2021-12-31
"Independent by age, Reference: Week and day of week, Report: Day of week",2021-12-31,2021-12-05,00-04,DE,18,FALSE,1,18.482,18,0.745623213820824,0,18,18,18,18,18,19,19,19,20,20,1.00029704562679,1838.51136774998,1774.75300361999,2021-12-31
"Reference: Fixed, Report: Fixed",2021-12-31,2021-12-06,00-04,DE,12,FALSE,2,12.8045,13,0.913617588791544,1.4826,12,12,12,12,13,13,13,14,15,15,1.00004792106747,1959.8565315428,1632.13416096775,2021-12-31
"Reference: Fixed, Report: Day of week",2021-12-31,2021-12-06,00-04,DE,12,FALSE,2,12.5815,12,0.775021341021987,0,12,12,12,12,12,13,13,14,14,15,1.00231771324679,1996.18520740485,1966.17648647703,2021-12-31
"Reference: Age, Report: Day of week",2021-12-31,2021-12-06,00-04,DE,12,FALSE,2,12.451,12,0.664695351236172,0,12,12,12,12,12,13,13,13,14,14,1.00169480681167,1893.62352158294,2023.28181789435,2021-12-31
"Reference: Age and week, Report: Day of week",2021-12-31,2021-12-06,00-04,DE,12,FALSE,2,12.431,12,0.662161784698088,0,12,12,12,12,12,13,13,13,14,14,0.999130366059219,1901.77324937393,1887.37990103508,2021-12-31
"Reference: Age and week by age, Report: Day of week",2021-12-31,2021-12-06,00-04,DE,12,FALSE,2,12.382,12,0.631882613955242,0,12,12,12,12,12,13,13,13,14,14,0.999625782654202,2166.35836472896,1926.209637885,2021-12-31
"Independent by age, Reference: Week, Report: Day of week",2021-12-31,2021-12-06,00-04,DE,12,FALSE,1,12.4615,12,0.708356290518521,0,12,12,12,12,12,13,13,13,14,14,0.99979157393253,1814.62581888699,1816.20262199442,2021-12-31
"Independent by age, Reference: Week and day of week, Report: Day of week",2021-12-31,2021-12-06,00-04,DE,12,FALSE,1,12.7965,13,0.9765062889025,1.4826,12,12,12,12,13,13,13,14,15,15,0.999935495306452,1528.59744928854,1612.27333795535,2021-12-31
"Reference: Fixed, Report: Fixed",2021-12-31,2021-12-07,00-04,DE,22,FALSE,2,22.911,23,0.980591545899691,1.4826,22,22,22,22,23,23,24,24,25,25,1.00147026842661,1965.55640322228,1953.79408837618,2021-12-31
"Reference: Fixed, Report: Day of week",2021-12-31,2021-12-07,00-04,DE,22,FALSE,2,22.586,22,0.774534668027189,0,22,22,22,22,22,23,23,24,24,24,0.999396218015821,2017.13489752186,2008.96675848807,2021-12-31
"Reference: Age, Report: Day of week",2021-12-31,2021-12-07,00-04,DE,22,FALSE,2,22.484,22,0.697127673741868,0,22,22,22,22,22,23,23,23,24,24,0.999302866475473,2006.20699307703,1625.86479925256,2021-12-31
"Reference: Age and week, Report: Day of week",2021-12-31,2021-12-07,00-04,DE,22,FALSE,2,22.415,22,0.658780688847206,0,22,22,22,22,22,23,23,23,24,24,0.999565978779303,1938.54759520538,1883.57956521597,2021-12-31
"Reference: Age and week by age, Report: Day of week",2021-12-31,2021-12-07,00-04,DE,22,FALSE,2,22.4255,22,0.678734182169296,0,22,22,22,22,22,23,23,23,24,24,0.999337575799603,2015.95937806074,1891.98666991882,2021-12-31
"Independent by age, Reference: Week, Report: Day of week",2021-12-31,2021-12-07,00-04,DE,22,FALSE,1,22.4815,22,0.722439415698422,0,22,22,22,22,22,23,23,23,24,24,1.0000070832398,1711.54385482482,1692.48551290908,2021-12-31
"Independent by age, Reference: Week and day of week, Report: Day of week",2021-12-31,2021-12-07,00-04,DE,22,FALSE,1,22.651,22,0.884075672608091,0,22,22,22,22,22,23,23,24,24,25,0.999250764619867,1597.14247355068,1719.92089619046,2021-12-31
"Reference: Fixed, Report: Fixed",2021-12-31,2021-12-08,00-04,DE,22,FALSE,2,23.043,23,1.04580009988738,1.4826,22,22,22,22,23,24,24,24.1000000000001,25,25.0249999999999,1.00017438820081,2535.36475195682,2087.11830946291,2021-12-31
"Reference: Fixed, Report: Day of week",2021-12-31,2021-12-08,00-04,DE,22,FALSE,2,22.743,23,0.898529174450485,1.4826,22,22,22,22,23,23,23,24,24,25,0.999931563698463,1915.44055853038,1924.70594504589,2021-12-31
"Reference: Age, Report: Day of week",2021-12-31,2021-12-08,00-04,DE,22,FALSE,2,22.6215,22,0.792812730733435,0,22,22,22,22,22,23,23,24,24,24.0249999999999,0.999558743712981,1972.97221106102,1801.92324733669,2021-12-31
"Reference: Age and week, Report: Day of week",2021-12-31,2021-12-08,00-04,DE,22,FALSE,2,22.56,22,0.765959102480894,0,22,22,22,22,22,23,23,24,24,24,1.00062162600961,1925.87103241582,1876.15563513257,2021-12-31
"Reference: Age and week by age, Report: Day of week",2021-12-31,2021-12-08,00-04,DE,22,FALSE,2,22.579,22,0.797544380281912,0,22,22,22,22,22,23,23,24,24,25,1.00108510939123,1963.82869379772,1870.75714373852,2021-12-31
"Independent by age, Reference: Week, Report: Day of week",2021-12-31,2021-12-08,00-04,DE,22,FALSE,1,22.612,22,0.845466384135615,0,22,22,22,22,22,23,23,24,24,25,1.00097353928784,1875.7222853489,1865.58958372243,2021-12-31
"Independent by age, Reference: Week and day of week, Report: Day of week",2021-12-31,2021-12-08,00-04,DE,22,FALSE,1,22.516,22,0.767488448942152,0,22,22,22,22,22,23,23,24,24,25,1.00207167413055,1952.5856816357,1916.38822629244,2021-12-31
"Reference: Fixed, Report: Fixed",2021-12-31,2021-12-09,00-04,DE,18,FALSE,2,19.149,19,1.09151028274986,1.4826,18,18,18,18,19,20,20,21,21,22,1.00046998768826,2027.96121391733,1816.10997294767,2021-12-31
"Reference: Fixed, Report: Day of week",2021-12-31,2021-12-09,00-04,DE,18,FALSE,2,18.882,19,0.968268956636633,1.4826,18,18,18,18,19,19,20,20,21,21,1.00024873807783,2173.16237106227,2075.40937300604,2021-12-31
"Reference: Age, Report: Day of week",2021-12-31,2021-12-09,00-04,DE,18,FALSE,2,18.756,19,0.904363276824216,1.4826,18,18,18,18,19,19,19,20,20,21,1.00027566805569,1923.08222165863,1908.50894418453,2021-12-31
"Reference: Age and week, Report: Day of week",2021-12-31,2021-12-09,00-04,DE,18,FALSE,2,18.741,19,0.870803163220333,1.4826,18,18,18,18,19,19,19,20,20,21,1.000806419454,2016.74077296068,2009.87151381839,2021-12-31
"Reference: Age and week by age, Report: Day of week",2021-12-31,2021-12-09,00-04,DE,18,FALSE,2,18.851,19,0.940872797359136,1.4826,18,18,18,18,19,19,20,20,21,21,1.00016046409121,1971.61922543313,2010.47924936115,2021-12-31
"Independent by age, Reference: Week, Report: Day of week",2021-12-31,2021-12-09,00-04,DE,18,FALSE,1,18.6915,18,0.850699473843377,0,18,18,18,18,18,19,19,20,20,21,0.999288674426715,1894.19609359388,1867.04820638282,2021-12-31
"Independent by age, Reference: Week and day of week, Report: Day of week",2021-12-31,2021-12-09,00-04,DE,18,FALSE,1,18.671,18,0.915520665547492,0,18,18,18,18,18,19,19,20,20,21,0.999303972237228,1496.96816523754,1595.75538729521,2021-12-31
"Reference: Fixed, Report: Fixed",2021-12-31,2021-12-10,00-04,DE,18,FALSE,2,19.243,19,1.1439428756067,1.4826,18,18,18,18,19,20,20,21,21,22,0.999368703100496,1996.94365349489,1844.83377567645,2021-12-31
"Reference: Fixed, Report: Day of week",2021-12-31,2021-12-10,00-04,DE,18,FALSE,2,19.1005,19,1.04016379496701,1.4826,18,18,18,18,19,20,20,20,21,22,0.999749570959703,1945.35703020635,1955.63097751531,2021-12-31
"Reference: Age, Report: Day of week",2021-12-31,2021-12-10,00-04,DE,18,FALSE,2,18.908,19,0.955506408271616,1.4826,18,18,18,18,19,19,20,20,21,21,1.00106937704545,1775.15394505559,1745.78641694133,2021-12-31
"Reference: Age and week, Report: Day of week",2021-12-31,2021-12-10,00-04,DE,18,FALSE,2,18.912,19,0.971456568217008,1.4826,18,18,18,18,19,19,20,20,21,21,0.999555045177886,2199.27319743049,2046.35716464632,2021-12-31
"Reference: Age and week by age, Report: Day of week",2021-12-31,2021-12-10,00-04,DE,18,FALSE,2,19.004,19,1.01167966663067,1.4826,18,18,18,18,19,20,20,20,21,21,0.999758979165775,1887.56737643994,1899.21789887267,2021-12-31
"Independent by age, Reference: Week, Report: Day of week",2021-12-31,2021-12-10,00-04,DE,18,FALSE,1,18.5145,18,0.765560442679543,0,18,18,18,18,18,19,19,19,20,20.0249999999999,1.00080966601976,1719.49931179465,1716.41606532563,2021-12-31
"Independent by age, Reference: Week and day of week, Report: Day of week",2021-12-31,2021-12-10,00-04,DE,18,FALSE,1,18.588,18,0.862338572665605,0,18,18,18,18,18,19,19,20,20,21,0.999975825406137,1932.93986115777,1915.83218842207,2021-12-31
"Reference: Fixed, Report: Fixed",2021-12-31,2021-12-11,00-04,DE,24,FALSE,2,25.4085,25,1.20886658867495,1.4826,24,24,24,24,25,26,26,27,28,28,0.999338392536835,1944.37676696963,1867.77907105501,2021-12-31
"Reference: Fixed, Report: Day of week",2021-12-31,2021-12-11,00-04,DE,24,FALSE,2,25.3575,25,1.17063185479882,1.4826,24,24,24,24,25,26,26,27,27,28,1.00046877793711,1881.21082085152,1843.86317928114,2021-12-31
"Reference: Age, Report: Day of week",2021-12-31,2021-12-11,00-04,DE,24,FALSE,2,25.1895,25,1.10372045800769,1.4826,24,24,24,24,25,26,26,27,27,28,1.0005874746819,1685.75770850706,1754.10428590051,2021-12-31
"Reference: Age and week, Report: Day of week",2021-12-31,2021-12-11,00-04,DE,24,FALSE,2,25.181,25,1.07276018158934,1.4826,24,24,24,24,25,26,26,27,27,28,1.00185825595757,1968.53600071067,1954.7829882092,2021-12-31
"Reference: Age and week by age, Report: Day of week",2021-12-31,2021-12-11,00-04,DE,24,FALSE,2,25.218,25,1.13715546926559,1.4826,24,24,24,24,25,26,26,27,27,28,1.00022901675055,2040.52118583415,1921.5543277677,2021-12-31
"Independent by age, Reference: Week, Report: Day of week",2021-12-31,2021-12-11,00-04,DE,24,FALSE,1,24.6335,24,0.833381672768398,0,24,24,24,24,24,25,25,26,26,27,1.00050909636335,1629.36743407059,1852.49524432597,2021-12-31
"Independent by age, Reference: Week and day of week, Report: Day of week",2021-12-31,2021-12-11,00-04,DE,24,FALSE,1,24.604,24,0.868654868541195,0,24,24,24,24,24,25,25,26,26,27,0.999718223651567,1629.37832932104,1680.44425579048,2021-12-31
"Reference: Fixed, Report: Fixed",2021-12-31,2021-12-12,00-04,DE,14,FALSE,2,15.5625,15,1.29496417560798,1.4826,14,14,14,15,15,16,17,17,18,19,1.00302960419507,1961.19861409548,1662.45915681152,2021-12-31
"Reference: Fixed, Report: Day of week",2021-12-31,2021-12-12,00-04,DE,14,FALSE,2,15.584,15,1.26520526879479,1.4826,14,14,14,15,15,16,17,17,18,18,0.999927386867584,1929.91387331348,1828.35940493734,2021-12-31
"Reference: Age, Report: Day of week",2021-12-31,2021-12-12,00-04,DE,14,FALSE,2,15.3205,15,1.13992520137611,1.4826,14,14,14,14,15,16,16,17,17,18,1.00076327592534,2149.27978392408,1943.87475024977,2021-12-31
"Reference: Age and week, Report: Day of week",2021-12-31,2021-12-12,00-04,DE,14,FALSE,2,15.2385,15,1.17571633672933,1.4826,14,14,14,14,15,16,16,17,17,18,1.00037844652235,1956.00630303596,1789.12481323517,2021-12-31
"Reference: Age and week by age, Report: Day of week",2021-12-31,2021-12-12,00-04,DE,14,FALSE,2,15.215,15,1.13860581923939,1.4826,14,14,14,14,15,16,16,17,17,18,0.999648894937205,1859.79250695618,1768.7809300079,2021-12-31
"Independent by age, Reference: Week, Report: Day of week",2021-12-31,2021-12-12,00-04,DE,14,FALSE,1,14.697,14,0.894757674260369,0,14,14,14,14,14,15,15,16,16.05,17,0.999271853064914,1484.31114369905,1761.74823923664,2021-12-31
"Independent by age, Reference: Week and day of week, Report: Day of week",2021-12-31,2021-12-12,00-04,DE,14,FALSE,1,14.4895,14,0.771483858335245,0,14,14,14,14,14,15,15,16,16,17,0.999908264592426,1860.12263678116,1789.06858767379,2021-12-31
"Reference: Fixed, Report: Fixed",2021-12-31,2021-12-13,00-04,DE,18,FALSE,2,19.6825,19,1.3478138042866,1.4826,18,18,18.8,19,19,20,21,22,22,23,1.00023994826155,1985.17267808481,1954.05173354048,2021-12-31
"Reference: Fixed, Report: Day of week",2021-12-31,2021-12-13,00-04,DE,18,FALSE,2,19.673,19,1.36161595136055,1.4826,18,18,18,19,19,20,21,21,22,23,0.999367953646471,2046.37285027347,2003.72448537516,2021-12-31
"Reference: Age, Report: Day of week",2021-12-31,2021-12-13,00-04,DE,18,FALSE,2,19.461,19,1.19507033121414,1.4826,18,18,18,19,19,20,20,21,22,22,1.00041023380833,2110.56534706352,1997.7174446173,2021-12-31
"Reference: Age and week, Report: Day of week",2021-12-31,2021-12-13,00-04,DE,18,FALSE,2,19.195,19,1.13429198584605,1.4826,18,18,18,18,19,20,20,21,21,22,1.00127193038529,1970.22279309809,1782.76980666934,2021-12-31
"Reference: Age and week by age, Report: Day of week",2021-12-31,2021-12-13,00-04,DE,18,FALSE,2,19.2495,19,1.16100116789602,1.4826,18,18,18,18,19,20,20,21,21,22,1.00206916496542,1762.15434934096,1869.21077438309,2021-12-31
"Independent by age, Reference: Week, Report: Day of week",2021-12-31,2021-12-13,00-04,DE,18,FALSE,1,18.7355,18,0.903298247458685,0,18,18,18,18,18,19,19,20,20,21,1.00055032889471,1892.39955522142,1866.03471374127,2021-12-31
"Independent by age, Reference: Week and day of week, Report: Day of week",2021-12-31,2021-12-13,00-04,DE,18,FALSE,1,19.0815,19,1.20937547706337,1.4826,18,18,18,18,19,20,20,21,21,22,1.00288991799881,1890.74280463859,1550.7285788771,2021-12-31
"Reference: Fixed, Report: Fixed",2021-12-31,2021-12-14,00-04,DE,24,FALSE,2,25.862,26,1.39245303789082,1.4826,24,24,25,25,26,27,27,28,28,29,1.0003032161569,2055.56847430009,2054.27343691111,2021-12-31
"Reference: Fixed, Report: Day of week",2021-12-31,2021-12-14,00-04,DE,24,FALSE,2,25.7105,26,1.31854428424485,1.4826,24,24,25,25,26,26,27,27,28,29,1.00035202049821,1708.10081641868,1725.97215585069,2021-12-31
"Reference: Age, Report: Day of week",2021-12-31,2021-12-14,00-04,DE,24,FALSE,2,25.552,25,1.24983080395678,1.4826,24,24,24,25,25,26,27,27,28,28,1.00205332354616,1885.49204746035,1766.36020220425,2021-12-31
"Reference: Age and week, Report: Day of week",2021-12-31,2021-12-14,00-04,DE,24,FALSE,2,25.363,25,1.16529393501275,1.4826,24,24,24,24,25,26,26,27,27.05,28,0.999944353093398,1938.08836027765,1794.35757110527,2021-12-31
"Reference: Age and week by age, Report: Day of week",2021-12-31,2021-12-14,00-04,DE,24,FALSE,2,25.25,25,1.12655872784495,1.4826,24,24,24,24,25,26,26,27,27,28,0.999989250747356,1879.01713548166,1858.89010166522,2021-12-31
"Independent by age, Reference: Week, Report: Day of week",2021-12-31,2021-12-14,00-04,DE,24,FALSE,1,24.735,25,0.903428520440756,1.4826,24,24,24,24,25,25,25,26,27,27,1.00094027266251,2108.36851907446,2047.35497761707,2021-12-31
"Independent by age, Reference: Week and day of week, Report: Day of week",2021-12-31,2021-12-14,00-04,DE,24,FALSE,1,24.8315,25,0.981116223758562,1.4826,24,24,24,24,25,25,25.2000000000001,26,27,27,1.00033413378505,1628.19626980226,1592.46496801972,2021-12-31
"Reference: Fixed, Report: Fixed",2021-12-31,2021-12-15,00-04,DE,27,FALSE,2,29.0505,29,1.46288063760511,1.4826,27,27,28,28,29,30,30,31,32,32,0.999840749127558,2107.53563118384,2062.88203573509,2021-12-31
"Reference: Fixed, Report: Day of week",2021-12-31,2021-12-15,00-04,DE,27,FALSE,2,28.953,29,1.38987656949789,1.4826,27,27,28,28,29,30,30,31,31,32,1.00006081856892,1912.018009297,1729.28630897127,2021-12-31
"Reference: Age, Report: Day of week",2021-12-31,2021-12-15,00-04,DE,27,FALSE,2,28.6075,28,1.31617244499058,1.4826,27,27,27,28,28,29,30,30,31,32,0.999628279365336,1985.02097573157,1932.36320959721,2021-12-31
"Reference: Age and week, Report: Day of week",2021-12-31,2021-12-15,00-04,DE,27,FALSE,2,28.69,28,1.34156621154156,1.4826,27,27,28,28,28,29,30,30.1000000000001,31,32,1.00028323477341,1971.69288177932,1941.23839987211,2021-12-31
"Reference: Age and week by age, Report: Day of week",2021-12-31,2021-12-15,00-04,DE,27,FALSE,2,28.819,29,1.39399089139874,1.4826,27,27,28,28,29,30,30,31,31,32,1.00001560440822,1961.01110473714,2006.00368663987,2021-12-31
"Independent by age, Reference: Week, Report: Day of week",2021-12-31,2021-12-15,00-04,DE,27,FALSE,1,27.9215,28,1.04205599194341,1.4826,27,27,27,27,28,28,29,29,30,30,0.999745728550653,1951.80534486763,1970.4631699125,2021-12-31
"Independent by age, Reference: Week and day of week, Report: Day of week",2021-12-31,2021-12-15,00-04,DE,27,FALSE,1,27.617,27,0.894824762552892,0,27,27,27,27,27,28,28,29,29,30,1.00399518159969,1406.28843799849,1245.1105693858,2021-12-31
"Reference: Fixed, Report: Fixed",2021-12-31,2021-12-16,00-04,DE,15,FALSE,2,17.2095,17,1.53908873918093,1.4826,15,15,16,16,17,18,18,19,20,21,1.00098852763284,1581.23013441083,1957.99943522811,2021-12-31
"Reference: Fixed, Report: Day of week",2021-12-31,2021-12-16,00-04,DE,15,FALSE,2,17.2425,17,1.5217922577796,1.4826,15,15,16,16,17,18,18,19,20,21,1.00093197752428,2053.37845623954,1962.14070816246,2021-12-31
"Reference: Age, Report: Day of week",2021-12-31,2021-12-16,00-04,DE,15,FALSE,2,16.7455,17,1.32876354415605,1.4826,15,15,16,16,17,18,18,18,19,20,0.999973322679474,2095.10381171117,1887.44960987358,2021-12-31
"Reference: Age and week, Report: Day of week",2021-12-31,2021-12-16,00-04,DE,15,FALSE,2,16.7405,17,1.33493474574141,1.4826,15,15,16,16,17,18,18,19,19,20,1.00024094358187,1924.80195776167,1853.90085911657,2021-12-31
"Reference: Age and week by age, Report: Day of week",2021-12-31,2021-12-16,00-04,DE,15,FALSE,2,16.9035,17,1.41534071681427,1.4826,15,15,16,16,17,18,18,19,20,20,0.99965491925528,2061.21100504144,2066.0552982868,2021-12-31
"Independent by age, Reference: Week, Report: Day of week",2021-12-31,2021-12-16,00-04,DE,15,FALSE,1,15.9865,16,1.06060369134519,1.4826,15,15,15,15,16,17,17,17,18,19,1.00082185724053,1874.68153919484,1976.33662472749,2021-12-31
"Independent by age, Reference: Week and day of week, Report: Day of week",2021-12-31,2021-12-16,00-04,DE,15,FALSE,1,15.7615,15,1.00355433866599,0,15,15,15,15,15,16,16,17,18,18,1.00000379868334,1609.87667835575,1667.51267934609,2021-12-31
"Reference: Fixed, Report: Fixed",2021-12-31,2021-12-17,00-04,DE,22,FALSE,2,24.4005,24,1.63995258231332,1.4826,22,22,23,23,24,25,26,27,27,28,0.999858715764232,1819.72275035614,2012.12632357682,2021-12-31
"Reference: Fixed, Report: Day of week",2021-12-31,2021-12-17,00-04,DE,22,FALSE,2,24.5875,24,1.66033795085685,1.4826,22,22,23,23,24,26,26,27,28,28,0.999828114923863,2267.02181059218,1950.70443928978,2021-12-31
"Reference: Age, Report: Day of week",2021-12-31,2021-12-17,00-04,DE,22,FALSE,2,24.0775,24,1.49720224327866,1.4826,22,22,23,23,24,25,25,26,27,27,0.9997947297989,2075.24419985727,1999.83024010749,2021-12-31
"Reference: Age and week, Report: Day of week",2021-12-31,2021-12-17,00-04,DE,22,FALSE,2,23.9615,24,1.42759825174458,1.4826,22,22,23,23,24,25,25,26,27,27,1.00024058620605,1769.67111478865,1824.62086481278,2021-12-31
"Reference: Age and week by age, Report: Day of week",2021-12-31,2021-12-17,00-04,DE,22,FALSE,2,24.063,24,1.4738103875768,1.4826,22,22,23,23,24,25,25,26,27,28,1.00083766883561,1987.29615473229,1892.11219765853,2021-12-31
"Independent by age, Reference: Week, Report: Day of week",2021-12-31,2021-12-17,00-04,DE,22,FALSE,1,23.1725,23,1.18255780894033,1.4826,22,22,22,22,23,24,24,25,25,26,0.999788598992114,2090.87552039115,1984.25952474531,2021-12-31
"Independent by age, Reference: Week and day of week, Report: Day of week",2021-12-31,2021-12-17,00-04,DE,22,FALSE,1,23.4915,23,1.36523246366321,1.4826,22,22,22,22,23,24,25,25,26,27,0.999382420793346,1953.7272046325,1847.23984969302,2021-12-31
"Reference: Fixed, Report: Fixed",2021-12-31,2021-12-18,00-04,DE,14,FALSE,2,16.614,16,1.67553206589785,1.4826,14,14,15,15,16,18,18,19,20,20,1.0002471555542,2023.82791535565,1908.66304523533,2021-12-31
"Reference: Fixed, Report: Day of week",2021-12-31,2021-12-18,00-04,DE,14,FALSE,2,16.92,17,1.76044016506878,1.4826,14,14,15,16,17,18,18,19,20,21,1.00040764090383,1990.44045221498,1891.82928165808,2021-12-31
"Reference: Age, Report: Day of week",2021-12-31,2021-12-18,00-04,DE,14,FALSE,2,16.272,16,1.58122298650966,1.4826,14,14,15,15,16,17,18,18,19,20,0.999690442568029,2261.74465001292,2050.15038633216,2021-12-31
"Reference: Age and week, Report: Day of week",2021-12-31,2021-12-18,00-04,DE,14,FALSE,2,15.958,16,1.48402734765377,1.4826,14,14,15,15,16,17,17,18,19,19,1.0008874668,1746.83520606391,1753.92721663777,2021-12-31
"Reference: Age and week by age, Report: Day of week",2021-12-31,2021-12-18,00-04,DE,14,FALSE,2,16.0055,16,1.42424857100016,1.4826,14,14,15,15,16,17,17,18,19,19,1.00107469543158,1907.13322565282,1770.07225344839,2021-12-31
"Independent by age, Reference: Week, Report: Day of week",2021-12-31,2021-12-18,00-04,DE,14,FALSE,1,15.2435,15,1.22554425842753,1.4826,14,14,14,14,15,16,16,17,17,18,1.00039588070503,1717.28674361152,1826.48076408851,2021-12-31
"Independent by age, Reference: Week and day of week, Report: Day of week",2021-12-31,2021-12-18,00-04,DE,14,FALSE,1,15.242,15,1.26144029419069,1.4826,14,14,14,14,15,16,16,17,18,18,1.00288169827975,1831.21726560487,1857.95651279342,2021-12-31
"Reference: Fixed, Report: Fixed",2021-12-31,2021-12-19,00-04,DE,12,FALSE,2,14.858,15,1.75851704316323,1.4826,12,12,13,14,15,16,16,17,18,19,0.999661933084062,1819.00118940184,1876.31391046278,2021-12-31
"Reference: Fixed, Report: Day of week",2021-12-31,2021-12-19,00-04,DE,12,FALSE,2,15.3415,15,1.88935507020005,1.4826,12,13,14,14,15,16,17,18,19,19,1.00081832312891,1949.599210044,1753.93582295443,2021-12-31
"Reference: Age, Report: Day of week",2021-12-31,2021-12-19,00-04,DE,12,FALSE,2,14.6315,14,1.70797140876731,1.4826,12,12,13,13,14,16,16,17,18,18,0.999795559137462,1907.27294406244,1836.12600977662,2021-12-31
"Reference: Age and week, Report: Day of week",2021-12-31,2021-12-19,00-04,DE,12,FALSE,2,14.284,14,1.56447044839203,1.4826,12,12,13,13,14,15,16,16,17,18,0.999882822485968,2019.90335384772,1849.65603405495,2021-12-31
"Reference: Age and week by age, Report: Day of week",2021-12-31,2021-12-19,00-04,DE,12,FALSE,2,14.06,14,1.44998318114825,1.4826,12,12,13,13,14,15,15,16,17,17,1.00116829083234,1937.19129098041,1915.74213502531,2021-12-31
"Independent by age, Reference: Week, Report: Day of week",2021-12-31,2021-12-19,00-04,DE,12,FALSE,1,13.384,13,1.30743974979717,1.4826,12,12,12,12,13,14,14,15,16,17,1.00024467269255,1923.26100427266,1878.20491969543,2021-12-31
"Independent by age, Reference: Week and day of week, Report: Day of week",2021-12-31,2021-12-19,00-04,DE,12,FALSE,1,13.1845,13,1.30011726488468,1.4826,12,12,12,12,13,14,14,15,16,16,1.00426287473365,1713.75963941452,1913.02898936008,2021-12-31
"Reference: Fixed, Report: Fixed",2021-12-31,2021-12-20,00-04,DE,7,FALSE,2,10.135,10,1.86641816278646,1.4826,7,7,9,9,10,11,12,13,13,14,1.00031156104165,1841.92933078773,1689.64632970516,2021-12-31
"Reference: Fixed, Report: Day of week",2021-12-31,2021-12-20,00-04,DE,7,FALSE,2,10.4345,10,1.88957534845762,1.4826,7,8,9,9,10,12,12,13,14,15,1.00012050529274,1913.17801069008,1894.95384660097,2021-12-31
"Reference: Age, Report: Day of week",2021-12-31,2021-12-20,00-04,DE,7,FALSE,2,9.5575,9,1.66735832738375,1.4826,7,7,8,8,9,11,11,12,13,13,0.999888465739914,1960.11876414714,1985.78742946925,2021-12-31
"Reference: Age and week, Report: Day of week",2021-12-31,2021-12-20,00-04,DE,7,FALSE,2,9.459,9,1.61512331159445,1.4826,7,7,8,8,9,10,11,12,12,13,0.99949196481922,2168.22581028322,2080.58598375452,2021-12-31
"Reference: Age and week by age, Report: Day of week",2021-12-31,2021-12-20,00-04,DE,7,FALSE,2,9.008,9,1.50401696583408,1.4826,7,7,8,8,9,10,10,11,12,12,0.999515888764407,1667.62364412793,1854.18180954779,2021-12-31
"Independent by age, Reference: Week, Report: Day of week",2021-12-31,2021-12-20,00-04,DE,7,FALSE,1,8.315,8,1.26553379563485,1.4826,7,7,7,7,8,9,9,10,11,11,1.00093397682956,1740.86074591862,1759.79070975498,2021-12-31
"Independent by age, Reference: Week and day of week, Report: Day of week",2021-12-31,2021-12-20,00-04,DE,7,FALSE,1,8.8505,9,1.60263344748058,1.4826,7,7,7,8,9,10,10,11,12,13,1.0028117770604,1070.55993666431,1538.60494246877,2021-12-31
"Reference: Fixed, Report: Fixed",2021-12-31,2021-12-21,00-04,DE,24,FALSE,2,27.5605,27,1.97212687020792,1.4826,24,25,26,26,27,29,29,30,31,32,1.00098638085101,1784.8108081504,1689.8830052105,2021-12-31
"Reference: Fixed, Report: Day of week",2021-12-31,2021-12-21,00-04,DE,24,FALSE,2,27.594,27,2.01920840957556,1.4826,24,25,26,26,27,29,29,30,31,32,1.00036602406475,1908.85839898894,1680.45093236518,2021-12-31
"Reference: Age, Report: Day of week",2021-12-31,2021-12-21,00-04,DE,24,FALSE,2,26.7645,27,1.73451550065458,1.4826,24,24,25,25,27,28,28,29,30,30.0249999999999,1.00045509965308,1685.22205901656,1968.9954302097,2021-12-31
"Reference: Age and week, Report: Day of week",2021-12-31,2021-12-21,00-04,DE,24,FALSE,2,26.9315,27,1.76503978219086,1.4826,24,24,25,26,27,28,28,29,30,31,1.00075053790133,1931.78722861622,1834.34240197529,2021-12-31
"Reference: Age and week by age, Report: Day of week",2021-12-31,2021-12-21,00-04,DE,24,FALSE,2,26.732,27,1.73887545382697,1.4826,24,24,25,25,27,28,28,29,30,31,0.999567947546218,2218.42311481515,2068.3250611141,2021-12-31
"Independent by age, Reference: Week, Report: Day of week",2021-12-31,2021-12-21,00-04,DE,24,FALSE,1,25.5265,25,1.34803796429351,1.4826,24,24,24,24,25,26,27,27,28,29,1.00006872926681,1843.76070705344,1843.48427046446,2021-12-31
"Independent by age, Reference: Week and day of week, Report: Day of week",2021-12-31,2021-12-21,00-04,DE,24,FALSE,1,25.761,25,1.47681057849081,1.4826,24,24,24,25,25,27,27,28,28.05,29,1.00037108539022,1931.2188061367,1885.29931687338,2021-12-31
"Reference: Fixed, Report: Fixed",2021-12-31,2021-12-22,00-04,DE,19,FALSE,2,22.8675,23,2.04500238811198,1.4826,20,20,21,21,23,24,24,26,27,27,1.00165401383381,1876.6346330143,1925.41284911207,2021-12-31
"Reference: Fixed, Report: Day of week",2021-12-31,2021-12-22,00-04,DE,19,FALSE,2,23.044,23,2.10767292115529,1.4826,20,20,21,22,23,24,25,26,27,28,0.999630503619888,2042.49880869788,1905.69089056515,2021-12-31
"Reference: Age, Report: Day of week",2021-12-31,2021-12-22,00-04,DE,19,FALSE,2,22.148,22,1.8795910276482,1.4826,19,20,21,21,22,23,24,25,26,26,0.999894880193777,2008.773170109,1988.64159895152,2021-12-31
"Reference: Age and week, Report: Day of week",2021-12-31,2021-12-22,00-04,DE,19,FALSE,2,22.18,22,1.93842171350036,1.4826,19,20,20,21,22,23,24,25,26,26,1.00062535843562,2104.44827467804,1937.27901552465,2021-12-31
"Reference: Age and week by age, Report: Day of week",2021-12-31,2021-12-22,00-04,DE,19,FALSE,2,22.5145,22,2.00544275668122,1.4826,19,20,21,21,22,24,24,25,26,27,0.999415282731775,1963.57656901439,1901.39365364044,2021-12-31
"Independent by age, Reference: Week, Report: Day of week",2021-12-31,2021-12-22,00-04,DE,19,FALSE,1,20.8285,21,1.50971101992462,1.4826,19,19,20,20,21,22,22,23,24,24,0.999938941767109,1731.22757558691,1856.58862927098,2021-12-31
"Independent by age, Reference: Week and day of week, Report: Day of week",2021-12-31,2021-12-22,00-04,DE,19,FALSE,1,20.449,20,1.39691613468514,1.4826,19,19,19,19,20,21,22,22,23,24,0.999956987814767,1803.44908204395,1891.95459722782,2021-12-31
"Reference: Fixed, Report: Fixed",2021-12-31,2021-12-23,00-04,DE,13,FALSE,2,17.3055,17,2.19330231329809,1.4826,14,14,15,16,17,19,19,20,21,22,1.00038882072912,1938.03790477681,1739.78097354497,2021-12-31
"Reference: Fixed, Report: Day of week",2021-12-31,2021-12-23,00-04,DE,13,FALSE,2,17.709,17,2.32981394461194,2.9652,14,14,16,16,17,19,20,21,22,23,0.999450991260833,1915.76984504111,1754.16478187737,2021-12-31
"Reference: Age, Report: Day of week",2021-12-31,2021-12-23,00-04,DE,13,FALSE,2,16.5195,16,1.96482824313285,1.4826,13,14,15,15,16,18,18,19,20,21,0.999735003922083,2150.16048279108,1999.79730333853,2021-12-31
"Reference: Age and week, Report: Day of week",2021-12-31,2021-12-23,00-04,DE,13,FALSE,2,16.466,16,1.98967922331864,1.4826,13,14,15,15,16,18,18,19,20,21,1.00092731081875,2106.59937235388,1792.4399590217,2021-12-31
"Reference: Age and week by age, Report: Day of week",2021-12-31,2021-12-23,00-04,DE,13,FALSE,2,16.6035,16,1.98349562072587,1.4826,13,14,15,15,16,18,18,19,20,21,0.999678207906893,1975.57493011445,1867.20960777854,2021-12-31
"Independent by age, Reference: Week, Report: Day of week",2021-12-31,2021-12-23,00-04,DE,13,FALSE,1,15.063,15,1.55571241576336,1.4826,13,13,14,14,15,16,16,17,18,19,1.00068811949498,2183.05832317848,1787.77688051001,2021-12-31
"Independent by age, Reference: Week and day of week, Report: Day of week",2021-12-31,2021-12-23,00-04,DE,13,FALSE,1,14.862,15,1.57676856245607,1.4826,13,13,13,14,15,16,16,17,18,19,0.99959032527191,1924.50906094245,1866.98812226287,2021-12-31
"Reference: Fixed, Report: Fixed",2021-12-31,2021-12-24,00-04,DE,9,FALSE,2,13.8,14,2.32652237323792,2.9652,10,10,12,12,14,15,16,17,18,19,0.999576777295689,1918.60422601336,1861.45519700081,2021-12-31
"Reference: Fixed, Report: Day of week",2021-12-31,2021-12-24,00-04,DE,9,FALSE,2,14.327,14,2.46882939047631,2.9652,10,11,12,13,14,16,16,18,19,20,1.00213203480985,1520.76916638306,1640.2046759954,2021-12-31
"Reference: Age, Report: Day of week",2021-12-31,2021-12-24,00-04,DE,9,FALSE,2,12.803,13,2.05895863370969,1.4826,9,10,11,11,13,14,14,15.1000000000001,16,17,0.999384095898579,2081.6560826196,1916.4102441705,2021-12-31
"Reference: Age and week, Report: Day of week",2021-12-31,2021-12-24,00-04,DE,9,FALSE,2,12.655,12,2.11334050830717,1.4826,9,10,11,11,12,14,14,15,16,17,1.00030518347173,1985.80678259977,1988.10898637177,2021-12-31
"Reference: Age and week by age, Report: Day of week",2021-12-31,2021-12-24,00-04,DE,9,FALSE,2,12.614,12,2.08378863792463,1.4826,9,10,11,11,12,14,14,15,16,17,1.00068338380503,2066.34692949588,1767.75791225682,2021-12-31
"Independent by age, Reference: Week, Report: Day of week",2021-12-31,2021-12-24,00-04,DE,9,FALSE,1,11.251,11,1.74456893253898,1.4826,9,9,10,10,11,12,13,14,14.05,15,0.999666503687738,1686.28418788482,1860.61650411691,2021-12-31
"Independent by age, Reference: Week and day of week, Report: Day of week",2021-12-31,2021-12-24,00-04,DE,9,FALSE,1,11.5855,11,1.96484606522496,1.4826,9,9,10,10,11,13,13,14,15,16,1.00099762939431,1705.44206730262,1761.42971052302,2021-12-31
"Reference: Fixed, Report: Fixed",2021-12-31,2021-12-25,00-04,DE,8,FALSE,2,13.3465,13,2.53528136028092,2.9652,9,10,11,12,13,15,15,17,18,19,1.00101227187774,1879.09758301735,1581.31393990353,2021-12-31
"Reference: Fixed, Report: Day of week",2021-12-31,2021-12-25,00-04,DE,8,FALSE,2,14.6105,14,2.82059703499399,2.9652,10,10,12,13,14,16,17,18,20,21,1.00008262178506,1106.97999794706,1779.61598382119,2021-12-31
"Reference: Age, Report: Day of week",2021-12-31,2021-12-25,00-04,DE,8,FALSE,2,12.5485,12,2.34785092200846,2.9652,9,9,10,11,12,14,14,16,17,18,1.00109412876512,1705.604611566,1800.19872708069,2021-12-31
"Reference: Age and week, Report: Day of week",2021-12-31,2021-12-25,00-04,DE,8,FALSE,2,12.3905,12,2.3125059117321,1.4826,9,9,10,11,12,14,14,16,16,17,0.999612737762255,1921.16910525721,1777.65470995154,2021-12-31
"Reference: Age and week by age, Report: Day of week",2021-12-31,2021-12-25,00-04,DE,8,FALSE,2,11.7715,11,2.17316568041585,1.4826,8,9,10,10,11,13,13,15,16,17,0.999437154431573,1958.50726936604,1928.44237260233,2021-12-31
"Independent by age, Reference: Week, Report: Day of week",2021-12-31,2021-12-25,00-04,DE,8,FALSE,1,10.61,10,2.01666394491828,1.4826,8,8,9,9,10,12,12,13,15,15,1.00011813441852,1361.73814879077,1873.74334777985,2021-12-31
"Independent by age, Reference: Week and day of week, Report: Day of week",2021-12-31,2021-12-25,00-04,DE,8,FALSE,1,10.698,10,1.98185768407824,1.4826,8,8,9,9,10,12,12,13.1000000000001,14,15,0.999988323694677,1765.04449763215,1678.44841137932,2021-12-31
"Reference: Fixed, Report: Fixed",2021-12-31,2021-12-26,00-04,DE,8,FALSE,2,14.262,14,2.66606638232762,2.9652,10,10,12,12,14,16,16,18,19,20,1.00042091169841,1804.42428966803,1843.42071811794,2021-12-31
"Reference: Fixed, Report: Day of week",2021-12-31,2021-12-26,00-04,DE,8,FALSE,2,14.7775,15,2.79676683017215,2.9652,10,11,12,13,15,17,17,18,20,21,1.0001728504189,1213.82283128055,1409.54289023687,2021-12-31
"Reference: Age, Report: Day of week",2021-12-31,2021-12-26,00-04,DE,8,FALSE,2,9.521,9,1.39123210262763,1.4826,8,8,8,8,9,10,11,11,12,13,1.00192228778793,2099.5599282019,2052.32364917102,2021-12-31
"Reference: Age and week, Report: Day of week",2021-12-31,2021-12-26,00-04,DE,8,FALSE,2,10.3885,10,1.96608761255701,1.4826,8,8,9,9,10,12,12,13,14,15,1.00372583197011,537.326096778499,1091.56841655854,2021-12-31
"Reference: Age and week by age, Report: Day of week",2021-12-31,2021-12-26,00-04,DE,8,FALSE,2,9.945,10,1.53953242253615,1.4826,8,8,9,9,10,11,11,12,13,14,1.00124127875004,1653.63608719877,1738.26847928898,2021-12-31
"Independent by age, Reference: Week, Report: Day of week",2021-12-31,2021-12-26,00-04,DE,8,FALSE,1,10.8015,10,2.03817929471838,1.4826,8,8,9,9,10,12,12,13,15,16,1.00090783612743,1347.61507832308,1495.86177702667,2021-12-31
"Independent by age, Reference: Week and day of week, Report: Day of week",2021-12-31,2021-12-26,00-04,DE,8,FALSE,1,10.485,10,2.00444104227238,1.4826,8,8,9,9,10,12,12,13,14,15,1.00338436623468,1319.29338947161,1685.51010721156,2021-12-31
"Reference: Fixed, Report: Fixed",2021-12-31,2021-12-27,00-04,DE,6,FALSE,2,13.238,13,3.0649719454692,2.9652,8,9,11,11,13,15,16,17,18,20,0.999607270771049,2046.2839146887,1943.67101545324,2021-12-31
"Reference: Fixed, Report: Day of week",2021-12-31,2021-12-27,00-04,DE,6,FALSE,2,13.1605,13,3.0267673201297,2.9652,8,9,11,11,13,15,16,17,19,20,0.999999412183438,2064.39745770952,1817.99717661189,2021-12-31
"Reference: Age, Report: Day of week",2021-12-31,2021-12-27,00-04,DE,6,FALSE,2,7.5395,7,1.35438433557991,1.4826,6,6,6,7,7,8,9,9,10,11,1.00209188888902,1945.92649994878,1639.92212624736,2021-12-31
"Reference: Age and week, Report: Day of week",2021-12-31,2021-12-27,00-04,DE,6,FALSE,2,8.528,8,2.05507363951561,1.4826,6,6,7,7,8,10,10,11,12,14,1.00314109761536,849.505806142673,1062.74434144753,2021-12-31
"Reference: Age and week by age, Report: Day of week",2021-12-31,2021-12-27,00-04,DE,6,FALSE,2,7.925,8,1.5117928954984,1.4826,6,6,7,7,8,9,9,10,11,12,1.00038159515696,1613.82592543097,1722.53786658386,2021-12-31
"Independent by age, Reference: Week, Report: Day of week",2021-12-31,2021-12-27,00-04,DE,6,FALSE,1,9.21,9,2.24062719011944,1.4826,6,6,7,8,9,10,11,12,13,15,1.00221374768831,1032.21655263998,1796.8658307883,2021-12-31
"Independent by age, Reference: Week and day of week, Report: Day of week",2021-12-31,2021-12-27,00-04,DE,6,FALSE,1,9.761,9,2.46087524134742,2.9652,6,6,8,8,9,11,12,13,14,15,1.00055124489981,1115.43210891503,1648.76028545705,2021-12-31
"Reference: Fixed, Report: Fixed",2021-12-31,2021-12-28,00-04,DE,13,FALSE,2,21.6595,21,3.34905476723164,2.9652,16,17,19,19,21,24,25,26,27,29,1.00145266820589,1939.35040839528,1877.20364100543,2021-12-31
"Reference: Fixed, Report: Day of week",2021-12-31,2021-12-28,00-04,DE,13,FALSE,2,20.785,21,3.0337067571445,2.9652,16,16,18,19,21,23,23,25,26,27,0.999900959708117,1928.98138410477,1810.85167623701,2021-12-31
"Reference: Age, Report: Day of week",2021-12-31,2021-12-28,00-04,DE,13,FALSE,2,14.926,15,1.48917185590119,1.4826,13,13,14,14,15,16,16,17,18,18,1.00087147099563,1996.27841927144,1904.27355972251,2021-12-31
"Reference: Age and week, Report: Day of week",2021-12-31,2021-12-28,00-04,DE,13,FALSE,2,15.673,15,2.01472096089636,1.4826,13,13,14,14,15,17,17,18,20,21,1.00946145535906,898.18222959798,1403.53437660468,2021-12-31
"Reference: Age and week by age, Report: Day of week",2021-12-31,2021-12-28,00-04,DE,13,FALSE,2,14.774,14.5,1.44671022849865,0.7413,13,13,14,14,14.5,16,16,17,17,18,0.999284596626556,1888.39396863628,1848.35402521833,2021-12-31
"Independent by age, Reference: Week, Report: Day of week",2021-12-31,2021-12-28,00-04,DE,13,FALSE,1,16.804,17,2.35634466496097,2.9652,13,14,15,15,17,18,19,20,21,22,1.00105437304331,1574.82703713971,1653.3666692516,2021-12-31
"Independent by age, Reference: Week and day of week, Report: Day of week",2021-12-31,2021-12-28,00-04,DE,13,FALSE,1,17.2595,17,2.53226498079614,2.9652,13,14,15,15,17,19,19,21,22,23,1.00061529656203,2057.07928142148,1939.26891202209,2021-12-31
"Reference: Fixed, Report: Fixed",2021-12-31,2021-12-29,00-04,DE,20,FALSE,2,30.483,30,3.89657575973131,2.9652,24,25,27,28,30,33,33,36,37,39,0.999589015030243,2105.64929356166,1912.81432009959,2021-12-31
"Reference: Fixed, Report: Day of week",2021-12-31,2021-12-29,00-04,DE,20,FALSE,2,30.068,30,3.79085231585726,4.4478,24,24,27,27,30,32,33,35,37,38,0.999078096099826,1338.54597593401,1877.30763556786,2021-12-31
"Reference: Age, Report: Day of week",2021-12-31,2021-12-29,00-04,DE,20,FALSE,2,23.2175,23,1.99253076247764,1.4826,20,20,22,22,23,24,25,26,27,28,0.999600697292557,2042.53793223784,2052.20401036674,2021-12-31
"Reference: Age and week, Report: Day of week",2021-12-31,2021-12-29,00-04,DE,20,FALSE,2,23.683,23,2.42083481894373,1.4826,20,21,22,22,23,25,26,27,28,30,1.00244494965337,1218.39591213121,1908.13684024941,2021-12-31
"Reference: Age and week by age, Report: Day of week",2021-12-31,2021-12-29,00-04,DE,20,FALSE,2,22.656,22,1.91846403461886,1.4826,20,20,21,21,22,24,24,25,26,27,0.999810358771706,2037.24689433208,1954.90624276719,2021-12-31
"Independent by age, Reference: Week, Report: Day of week",2021-12-31,2021-12-29,00-04,DE,20,FALSE,1,26.327,26,3.35674021223362,2.9652,21,22,24,24,26,28,29,31,32,34,1.00072008502563,1837.40079778664,1879.84516849007,2021-12-31
"Independent by age, Reference: Week and day of week, Report: Day of week",2021-12-31,2021-12-29,00-04,DE,20,FALSE,1,25.62,25,3.18224187196163,2.9652,21,21,23,23,25,27,28,30,31,33,1.00031676763942,1985.03033510769,2052.82169500382,2021-12-31
"Reference: Fixed, Report: Fixed",2021-12-31,2021-12-30,00-04,DE,7,FALSE,2,19.6485,19,4.51798116717118,4.4478,12,13,16,16,19,22,23,26,27.05,29,0.999944924451023,1705.82479622204,2020.56759252005,2021-12-31
"Reference: Fixed, Report: Day of week",2021-12-31,2021-12-30,00-04,DE,7,FALSE,2,19.3065,19,4.27500825704453,4.4478,12,13,16,16,19,22,23,25,27,29,0.999505718656799,1997.24538901464,1758.38083211351,2021-12-31
"Reference: Age, Report: Day of week",2021-12-31,2021-12-30,00-04,DE,7,FALSE,2,12.201,12,2.64558094740544,2.9652,8,8,10,10,12,14,14,16,17,18,1.00108858280533,2139.72691924601,1915.96519438194,2021-12-31
"Reference: Age and week, Report: Day of week",2021-12-31,2021-12-30,00-04,DE,7,FALSE,2,11.8,11,2.67480415893282,2.9652,8,8,10,10,11,13,14,15,17,18,1.00129755369868,1218.93677583311,1008.71122538505,2021-12-31
"Reference: Age and week by age, Report: Day of week",2021-12-31,2021-12-30,00-04,DE,7,FALSE,2,11.6445,11,2.76856501207991,2.9652,7,8,9,10,11,13,14,15,17,18,1.00057367106124,2042.57552606208,2033.33090046029,2021-12-31
"Independent by age, Reference: Week, Report: Day of week",2021-12-31,2021-12-30,00-04,DE,7,FALSE,1,15.263,15,3.98870729597278,4.4478,9,10,12,12,15,18,18,21,23,24.0249999999999,1.00118313443208,2017.36681553619,1770.42121659512,2021-12-31
"Independent by age, Reference: Week and day of week, Report: Day of week",2021-12-31,2021-12-30,00-04,DE,7,FALSE,1,14.891,14,3.92871943745148,2.9652,9,9,12,12,14,17,18,20,22,24,1.00073918906297,2237.19211509317,1921.09403016539,2021-12-31
"Reference: Fixed, Report: Fixed",2021-12-31,2021-12-31,00-04,DE,4,FALSE,2,19.6375,19,5.38029437240816,4.4478,11,12,15,16,19,23,24,27,29,32,1.00037021062274,1949.20900432575,1713.06842726828,2021-12-31
"Reference: Fixed, Report: Day of week",2021-12-31,2021-12-31,00-04,DE,4,FALSE,2,19.2135,19,5.17835161153686,4.4478,10,12,15,16,19,22,23,26,29,31,1.0028422676548,1880.14290049519,1994.20455684977,2021-12-31
"Reference: Age, Report: Day of week",2021-12-31,2021-12-31,00-04,DE,4,FALSE,2,12.708,12,3.93108925507495,4.4478,6,7,9,10,12,15,16,18,19,21,1.00087737908042,1861.30201837872,1729.92354252448,2021-12-31
"Reference: Age and week, Report: Day of week",2021-12-31,2021-12-31,00-04,DE,4,FALSE,2,11.9995,12,3.87582388085136,2.9652,6,7,9,9,12,14,15,17,19,21,1.00035855767636,1849.50751834713,1858.89199357002,2021-12-31
"Reference: Age and week by age, Report: Day of week",2021-12-31,2021-12-31,00-04,DE,4,FALSE,2,13.165,13,4.24709240504,4.4478,6,7,10,10,13,16,16,19,21,23,0.999916611423459,2217.82019225153,2092.96741844343,2021-12-31
"Independent by age, Reference: Week, Report: Day of week",2021-12-31,2021-12-31,00-04,DE,4,FALSE,1,15.8395,15,5.61751884812187,4.4478,7,8,11,12,15,19,20,23,26,29.0249999999999,1.00021217967855,2490.07938126809,1957.7127081677,2021-12-31
"Independent by age, Reference: Week and day of week, Report: Day of week",2021-12-31,2021-12-31,00-04,DE,4,FALSE,1,16.453,16,5.99539518144474,5.9304,8,8,12,12,16,20,21,24,27,29.0249999999999,1.0002517088022,2421.68307516805,2036.26987675294,2021-12-31
"Reference: Fixed, Report: Fixed",2021-12-31,2021-11-22,05-14,DE,20,FALSE,3,20,20,0,0,20,20,20,20,20,20,20,20,20,20,,,,2021-12-31
"Reference: Fixed, Report: Day of week",2021-12-31,2021-11-22,05-14,DE,20,FALSE,3,20,20,0,0,20,20,20,20,20,20,20,20,20,20,,,,2021-12-31
"Reference: Age, Report: Day of week",2021-12-31,2021-11-22,05-14,DE,20,FALSE,3,20,20,0,0,20,20,20,20,20,20,20,20,20,20,,,,2021-12-31
"Reference: Age and week, Report: Day of week",2021-12-31,2021-11-22,05-14,DE,20,FALSE,3,20,20,0,0,20,20,20,20,20,20,20,20,20,20,,,,2021-12-31
"Reference: Age and week by age, Report: Day of week",2021-12-31,2021-11-22,05-14,DE,20,FALSE,3,20,20,0,0,20,20,20,20,20,20,20,20,20,20,,,,2021-12-31
"Independent by age, Reference: Week, Report: Day of week",2021-12-31,2021-11-22,05-14,DE,20,FALSE,1,20,20,0,0,20,20,20,20,20,20,20,20,20,20,,,,2021-12-31
"Independent by age, Reference: Week and day of week, Report: Day of week",2021-12-31,2021-11-22,05-14,DE,20,FALSE,1,20,20,0,0,20,20,20,20,20,20,20,20,20,20,,,,2021-12-31
"Reference: Fixed, Report: Fixed",2021-12-31,2021-11-23,05-14,DE,20,FALSE,3,20.06,20,0.241721357366915,0,20,20,20,20,20,20,20,20,21,21,1.00207630981594,1935.67005480186,1928.44585451039,2021-12-31
"Reference: Fixed, Report: Day of week",2021-12-31,2021-11-23,05-14,DE,20,FALSE,3,20.0045,20,0.0669476735629981,0,20,20,20,20,20,20,20,20,20,20,1.00030204936557,2021.05630463103,2021.05630463103,2021-12-31
"Reference: Age, Report: Day of week",2021-12-31,2021-11-23,05-14,DE,20,FALSE,3,20.0005,20,0.0223606797749979,0,20,20,20,20,20,20,20,20,20,20,1,2008.04825741572,2008.04825741572,2021-12-31
"Reference: Age and week, Report: Day of week",2021-12-31,2021-11-23,05-14,DE,20,FALSE,3,20.0035,20,0.0590719455187798,0,20,20,20,20,20,20,20,20,20,20,0.999524899095567,2021.26008082147,2021.26008082147,2021-12-31
"Reference: Age and week by age, Report: Day of week",2021-12-31,2021-11-23,05-14,DE,20,FALSE,3,20.0045,20,0.0669476735629981,0,20,20,20,20,20,20,20,20,20,20,0.999706176573189,2025.02017796454,2025.02017796454,2021-12-31
"Independent by age, Reference: Week, Report: Day of week",2021-12-31,2021-11-23,05-14,DE,20,FALSE,1,20.0535,20,0.240138675126781,0,20,20,20,20,20,20,20,20,21,21,0.999818559945999,2022.05430190073,2011.33789637251,2021-12-31
"Independent by age, Reference: Week and day of week, Report: Day of week",2021-12-31,2021-11-23,05-14,DE,20,FALSE,1,20.0605,20,0.248738186337907,0,20,20,20,20,20,20,20,20,21,21,1.00000395079255,1931.20662448097,1947.06832112979,2021-12-31
"Reference: Fixed, Report: Fixed",2021-12-31,2021-11-24,05-14,DE,31,FALSE,3,31.128,31,0.366992291023715,0,31,31,31,31,31,31,31,32,32,32,0.999701492835908,1970.51619616424,1872.26953979697,2021-12-31
"Reference: Fixed, Report: Day of week",2021-12-31,2021-11-24,05-14,DE,31,FALSE,3,31.0285,31,0.172344426369553,0,31,31,31,31,31,31,31,31,31,32,0.999681909052846,2013.05774284837,2046.05529697362,2021-12-31
"Reference: Age, Report: Day of week",2021-12-31,2021-11-24,05-14,DE,31,FALSE,3,31.017,31,0.133115964219041,0,31,31,31,31,31,31,31,31,31,31,0.999435206184285,2074.27934527215,2074.39422553855,2021-12-31
"Reference: Age and week, Report: Day of week",2021-12-31,2021-11-24,05-14,DE,31,FALSE,3,31.0145,31,0.119569638492489,0,31,31,31,31,31,31,31,31,31,31,0.99968742341881,2055.95481424157,2055.95481424157,2021-12-31
"Reference: Age and week by age, Report: Day of week",2021-12-31,2021-11-24,05-14,DE,31,FALSE,3,31.019,31,0.14017426444325,0,31,31,31,31,31,31,31,31,31,31,0.999619657916309,1983.86411174768,2027.99475830726,2021-12-31
"Independent by age, Reference: Week, Report: Day of week",2021-12-31,2021-11-24,05-14,DE,31,FALSE,1,31.152,31,0.401218753604716,0,31,31,31,31,31,31,31,32,32,32,1.00001868295376,1530.77156567908,1692.24469474843,2021-12-31
"Independent by age, Reference: Week and day of week, Report: Day of week",2021-12-31,2021-11-24,05-14,DE,31,FALSE,1,31.132,31,0.372351074473179,0,31,31,31,31,31,31,31,32,32,32,1.00003081194662,2230.61288174973,1964.2346646134,2021-12-31
"Reference: Fixed, Report: Fixed",2021-12-31,2021-11-25,05-14,DE,33,FALSE,3,33.1855,33,0.431489097684646,0,33,33,33,33,33,33,33,34,34,34,0.999726990159045,1929.42414443765,1939.11643903933,2021-12-31
"Reference: Fixed, Report: Day of week",2021-12-31,2021-11-25,05-14,DE,33,FALSE,3,33.045,33,0.212126138769777,0,33,33,33,33,33,33,33,33,33,34,1.0000045520384,1917.31395788423,1909.90733360336,2021-12-31
"Reference: Age, Report: Day of week",2021-12-31,2021-11-25,05-14,DE,33,FALSE,3,33.0455,33,0.213195863557713,0,33,33,33,33,33,33,33,33,33,34,1.00002091979274,2035.54854939454,2053.20732969932,2021-12-31
"Reference: Age and week, Report: Day of week",2021-12-31,2021-11-25,05-14,DE,33,FALSE,3,33.041,33,0.198339782531562,0,33,33,33,33,33,33,33,33,33,34,0.999084198516839,2080.58598375452,2080.58598375452,2021-12-31
"Reference: Age and week by age, Report: Day of week",2021-12-31,2021-11-25,05-14,DE,33,FALSE,3,33.0375,33,0.197770843789793,0,33,33,33,33,33,33,33,33,33,34,1.00280059094337,1781.87546268975,1823.8497915204,2021-12-31
"Independent by age, Reference: Week, Report: Day of week",2021-12-31,2021-11-25,05-14,DE,33,FALSE,1,33.26,33,0.528715206784279,0,33,33,33,33,33,33,34,34,34,35,1.00040707364538,1783.98529503793,1751.76521656263,2021-12-31
"Independent by age, Reference: Week and day of week, Report: Day of week",2021-12-31,2021-11-25,05-14,DE,33,FALSE,1,33.259,33,0.527312079336807,0,33,33,33,33,33,33,34,34,34,35,1.00062327291256,1962.57695196433,1970.33514215134,2021-12-31
"Reference: Fixed, Report: Fixed",2021-12-31,2021-11-26,05-14,DE,34,FALSE,3,34.2875,34,0.535711903565537,0,34,34,34,34,34,34,35,35,35,36,1.00019511594164,2073.97989148708,2076.08574106151,2021-12-31
"Reference: Fixed, Report: Day of week",2021-12-31,2021-11-26,05-14,DE,34,FALSE,3,34.0875,34,0.299814433186886,0,34,34,34,34,34,34,34,34,35,35,0.999596088055278,1792.80917120842,1744.52866943303,2021-12-31
"Reference: Age, Report: Day of week",2021-12-31,2021-11-26,05-14,DE,34,FALSE,3,34.0635,34,0.253968501984006,0,34,34,34,34,34,34,34,34,35,35,0.999136912486531,2181.07666350242,2016.72336424258,2021-12-31
"Reference: Age and week, Report: Day of week",2021-12-31,2021-11-26,05-14,DE,34,FALSE,3,34.074,34,0.274885032132427,0,34,34,34,34,34,34,34,34,35,35,0.999438006349362,1927.72225055941,1567.65029636186,2021-12-31
"Reference: Age and week by age, Report: Day of week",2021-12-31,2021-11-26,05-14,DE,34,FALSE,3,34.078,34,0.28975503272505,0,34,34,34,34,34,34,34,34,35,35,0.999795277439305,1947.65940586115,1963.52973085393,2021-12-31
"Independent by age, Reference: Week, Report: Day of week",2021-12-31,2021-11-26,05-14,DE,34,FALSE,1,34.37,34,0.622329210967484,0,34,34,34,34,34,35,35,35,36,36,1.0000008176047,1733.26445747566,1879.00164260487,2021-12-31
"Independent by age, Reference: Week and day of week, Report: Day of week",2021-12-31,2021-11-26,05-14,DE,34,FALSE,1,34.34,34,0.637654531584953,0,34,34,34,34,34,35,35,35,36,36,0.999992057397276,1896.03852779777,1911.53672808424,2021-12-31
"Reference: Fixed, Report: Fixed",2021-12-31,2021-11-27,05-14,DE,29,FALSE,3,29.31,29,0.571019291719429,0,29,29,29,29,29,30,30,30,30,31,1.0001491611811,1959.32830179712,1831.59535790977,2021-12-31
"Reference: Fixed, Report: Day of week",2021-12-31,2021-11-27,05-14,DE,29,FALSE,3,29.1135,29,0.332675647655899,0,29,29,29,29,29,29,29,30,30,30,1.00066118002184,2032.63864455705,2015.72498558864,2021-12-31
"Reference: Age, Report: Day of week",2021-12-31,2021-11-27,05-14,DE,29,FALSE,3,29.0795,29,0.28145933930115,0,29,29,29,29,29,29,29,29,30,30,0.999253272895974,1928.50559350443,1892.04119221931,2021-12-31
"Reference: Age and week, Report: Day of week",2021-12-31,2021-11-27,05-14,DE,29,FALSE,3,29.0895,29,0.28728211832231,0,29,29,29,29,29,29,29,29,30,30,0.999603854906493,1869.9936344492,1869.77006007583,2021-12-31
"Reference: Age and week by age, Report: Day of week",2021-12-31,2021-11-27,05-14,DE,29,FALSE,3,29.09,29,0.294861784122439,0,29,29,29,29,29,29,29,29,30,30,0.999689597125167,1946.89937456038,1898.11578168232,2021-12-31
"Independent by age, Reference: Week, Report: Day of week",2021-12-31,2021-11-27,05-14,DE,29,FALSE,1,29.3945,29,0.636452893891662,0,29,29,29,29,29,30,30,30,31,31,1.00105645428229,1582.02065618316,1677.55334057947,2021-12-31
"Independent by age, Reference: Week and day of week, Report: Day of week",2021-12-31,2021-11-27,05-14,DE,29,FALSE,1,29.374,29,0.619932381860344,0,29,29,29,29,29,30,30,30,31,31,0.999463431167415,2069.32659719308,1873.73853184452,2021-12-31
"Reference: Fixed, Report: Fixed",2021-12-31,2021-11-28,05-14,DE,16,FALSE,3,16.294,16,0.560107900703262,0,16,16,16,16,16,16,17,17,17,18,1.0002945897967,1864.98590389492,1827.91365443714,2021-12-31
"Reference: Fixed, Report: Day of week",2021-12-31,2021-11-28,05-14,DE,16,FALSE,3,16.1125,16,0.343369627880329,0,16,16,16,16,16,16,16,17,17,17,0.999826114008282,2108.78734667762,1986.07634372446,2021-12-31
"Reference: Age, Report: Day of week",2021-12-31,2021-11-28,05-14,DE,16,FALSE,3,16.0905,16,0.293858684512185,0,16,16,16,16,16,16,16,16,17,17,1.00318106662099,1886.6190892481,1897.52300678846,2021-12-31
"Reference: Age and week, Report: Day of week",2021-12-31,2021-11-28,05-14,DE,16,FALSE,3,16.1075,16,0.324031245598418,0,16,16,16,16,16,16,16,17,17,17,0.99927899076587,2043.0888967283,2026.24892583709,2021-12-31
"Reference: Age and week by age, Report: Day of week",2021-12-31,2021-11-28,05-14,DE,16,FALSE,3,16.0985,16,0.311201177836048,0,16,16,16,16,16,16,16,16,17,17,1.00109186861429,2059.59578507424,2017.99785430585,2021-12-31
"Independent by age, Reference: Week, Report: Day of week",2021-12-31,2021-11-28,05-14,DE,16,FALSE,1,16.3685,16,0.607364961203763,0,16,16,16,16,16,17,17,17,18,18,0.999312634336499,1677.48836391308,1809.15965419004,2021-12-31
"Independent by age, Reference: Week and day of week, Report: Day of week",2021-12-31,2021-11-28,05-14,DE,16,FALSE,1,16.5675,16,0.798600420307714,0,16,16,16,16,16,17,17,18,18,19,0.999206210750604,2140.29811819701,2013.6468332622,2021-12-31
"Reference: Fixed, Report: Fixed",2021-12-31,2021-11-29,05-14,DE,10,FALSE,3,10.324,10,0.589234756951251,0,10,10,10,10,10,11,11,11,11,12,0.999258682350186,2120.54249496995,1887.82074261461,2021-12-31
"Reference: Fixed, Report: Day of week",2021-12-31,2021-11-29,05-14,DE,10,FALSE,3,10.129,10,0.349885995868729,0,10,10,10,10,10,10,10,11,11,11,0.999910685101914,1900.62761870756,1897.64729519782,2021-12-31
"Reference: Age, Report: Day of week",2021-12-31,2021-11-29,05-14,DE,10,FALSE,3,10.0995,10,0.321949647907703,0,10,10,10,10,10,10,10,10,11,11,0.999133417782436,2032.23970550298,2011.08313076292,2021-12-31
"Reference: Age and week, Report: Day of week",2021-12-31,2021-11-29,05-14,DE,10,FALSE,3,10.1,10,0.314721344624703,0,10,10,10,10,10,10,10,10,11,11,1.00078809437402,2079.31899382622,2023.181214891,2021-12-31
"Reference: Age and week by age, Report: Day of week",2021-12-31,2021-11-29,05-14,DE,10,FALSE,3,10.086,10,0.296053751727547,0,10,10,10,10,10,10,10,10,11,11,1.00018973783522,2004.43082010475,2024.40663652668,2021-12-31
"Independent by age, Reference: Week, Report: Day of week",2021-12-31,2021-11-29,05-14,DE,10,FALSE,1,10.3145,10,0.571623238298866,0,10,10,10,10,10,11,11,11,11,12,0.999371446800323,1906.71747785688,1933.03650644193,2021-12-31
"Independent by age, Reference: Week and day of week, Report: Day of week",2021-12-31,2021-11-29,05-14,DE,10,FALSE,1,10.448,10,0.695368800626288,0,10,10,10,10,10,11,11,11,12,12,0.999557329341459,1886.03479583253,1854.39061547362,2021-12-31
"Reference: Fixed, Report: Fixed",2021-12-31,2021-11-30,05-14,DE,23,FALSE,3,23.432,23,0.668280853870455,0,23,23,23,23,23,24,24,24,25,25,0.999109684421646,1933.83331578727,1883.28956504096,2021-12-31
"Reference: Fixed, Report: Day of week",2021-12-31,2021-11-30,05-14,DE,23,FALSE,3,23.184,23,0.431551988246236,0,23,23,23,23,23,23,23,24,24,24,0.9990500508884,2035.48234666395,1920.34963855532,2021-12-31
"Reference: Age, Report: Day of week",2021-12-31,2021-11-30,05-14,DE,23,FALSE,3,23.1695,23,0.420545097569268,0,23,23,23,23,23,23,23,24,24,24,1.00064436795057,2035.21950830685,1919.65865579797,2021-12-31
"Reference: Age and week, Report: Day of week",2021-12-31,2021-11-30,05-14,DE,23,FALSE,3,23.1625,23,0.408873255018392,0,23,23,23,23,23,23,23,24,24,24,0.999215889856721,1386.797106109,1397.50672380321,2021-12-31
"Reference: Age and week by age, Report: Day of week",2021-12-31,2021-11-30,05-14,DE,23,FALSE,3,23.1525,23,0.39028183400586,0,23,23,23,23,23,23,23,24,24,24,0.999589233463241,1943.63380639049,1922.60489577612,2021-12-31
"Independent by age, Reference: Week, Report: Day of week",2021-12-31,2021-11-30,05-14,DE,23,FALSE,1,23.4495,23,0.6720681422251,0,23,23,23,23,23,24,24,24,25,25,1.0003867089457,1973.7696483361,1937.83554721762,2021-12-31
"Independent by age, Reference: Week and day of week, Report: Day of week",2021-12-31,2021-11-30,05-14,DE,23,FALSE,1,23.5495,23,0.76801345843427,0,23,23,23,23,23,24,24,25,25,26,1.00030186384611,2015.55891759616,1933.00515089573,2021-12-31
"Reference: Fixed, Report: Fixed",2021-12-31,2021-12-01,05-14,DE,30,FALSE,3,30.668,30,0.852724791351168,0,30,30,30,30,30,31,31,32,32,33,0.999647082391303,1817.88848954289,1857.62777699999,2021-12-31
"Reference: Fixed, Report: Day of week",2021-12-31,2021-12-01,05-14,DE,30,FALSE,3,30.309,30,0.56362916791048,0,30,30,30,30,30,31,31,31,31,32,0.999410244286223,2037.06696242738,2035.85529344432,2021-12-31
"Reference: Age, Report: Day of week",2021-12-31,2021-12-01,05-14,DE,30,FALSE,3,30.2725,30,0.525720401896755,0,30,30,30,30,30,30,31,31,31,32,0.999378964233917,2005.92609154196,2004.30221787578,2021-12-31
"Reference: Age and week, Report: Day of week",2021-12-31,2021-12-01,05-14,DE,30,FALSE,3,30.227,30,0.496582618653306,0,30,30,30,30,30,30,30,31,31,32,0.999414309887684,1938.95567958169,1890.14659801042,2021-12-31
"Reference: Age and week by age, Report: Day of week",2021-12-31,2021-12-01,05-14,DE,30,FALSE,3,30.252,30,0.49660780265198,0,30,30,30,30,30,30,31,31,31,32,1.00136180577735,2056.68363919285,1955.8901121312,2021-12-31
"Independent by age, Reference: Week, Report: Day of week",2021-12-31,2021-12-01,05-14,DE,30,FALSE,1,30.6705,30,0.868508436027956,0,30,30,30,30,30,31,31,32,32,33,1.00012474787552,1795.90612239194,1890.59836402035,2021-12-31
"Independent by age, Reference: Week and day of week, Report: Day of week",2021-12-31,2021-12-01,05-14,DE,30,FALSE,1,30.5445,30,0.778024685473156,0,30,30,30,30,30,31,31,32,32,32,1.00008873061151,1982.01602750228,1822.02025300396,2021-12-31
"Reference: Fixed, Report: Fixed",2021-12-31,2021-12-02,05-14,DE,34,FALSE,3,34.8525,35,0.939246954970422,1.4826,34,34,34,34,35,35,36,36,37,37,1.00149676734325,2111.62461972456,1926.99466214271,2021-12-31
"Reference: Fixed, Report: Day of week",2021-12-31,2021-12-02,05-14,DE,34,FALSE,3,34.4775,34,0.669864246735506,0,34,34,34,34,34,35,35,35,36,36,1.00078582705578,2121.55301825513,1927.18828412639,2021-12-31
"Reference: Age, Report: Day of week",2021-12-31,2021-12-02,05-14,DE,34,FALSE,3,34.4505,34,0.691222572202443,0,34,34,34,34,34,35,35,35,36,36,0.999505224828654,1861.18369383347,1975.55531110782,2021-12-31
"Reference: Age and week, Report: Day of week",2021-12-31,2021-12-02,05-14,DE,34,FALSE,3,34.4235,34,0.662847971798103,0,34,34,34,34,34,35,35,35,36,36,0.999674430492791,1990.60501574861,1952.13461465619,2021-12-31
"Reference: Age and week by age, Report: Day of week",2021-12-31,2021-12-02,05-14,DE,34,FALSE,3,34.4305,34,0.677790122180061,0,34,34,34,34,34,35,35,35,36,36,1.00020793572998,1834.92959302166,1862.83995592938,2021-12-31
"Independent by age, Reference: Week, Report: Day of week",2021-12-31,2021-12-02,05-14,DE,34,FALSE,1,34.965,35,1.02337610355366,1.4826,34,34,34,34,35,35.25,36,36,37,37,1.00061167312203,1924.6681111679,2021.24344499247,2021-12-31
"Independent by age, Reference: Week and day of week, Report: Day of week",2021-12-31,2021-12-02,05-14,DE,34,FALSE,1,34.9695,35,1.06495859938741,1.4826,34,34,34,34,35,35,36,36,37,38,1.00005709837387,1969.06007955987,1777.43343685,2021-12-31
"Reference: Fixed, Report: Fixed",2021-12-31,2021-12-03,05-14,DE,41,FALSE,3,42.015,42,1.03359041915901,1.4826,41,41,41,41,42,43,43,43,44,44,1.0005057150956,1976.86285159868,2080.86046580261,2021-12-31
"Reference: Fixed, Report: Day of week",2021-12-31,2021-12-03,05-14,DE,41,FALSE,3,41.6605,41,0.805955663958095,0,41,41,41,41,41,42,42,43,43,44,1.00233655797599,2076.7214449252,1962.24322309008,2021-12-31
"Reference: Age, Report: Day of week",2021-12-31,2021-12-03,05-14,DE,41,FALSE,3,41.541,41,0.742020415587452,0,41,41,41,41,41,42,42,43,43,43,1.00005473724205,1929.51000916585,1778.25494405826,2021-12-31
"Reference: Age and week, Report: Day of week",2021-12-31,2021-12-03,05-14,DE,41,FALSE,3,41.5335,41,0.748436923804844,0,41,41,41,41,41,42,42,43,43,43,1.00028163732938,1896.70605829713,1871.86840850538,2021-12-31
"Reference: Age and week by age, Report: Day of week",2021-12-31,2021-12-03,05-14,DE,41,FALSE,3,41.565,41,0.745018473773055,0,41,41,41,41,41,42,42,43,43,43,1.00009859251165,1942.39970166623,1861.94212457819,2021-12-31
"Independent by age, Reference: Week, Report: Day of week",2021-12-31,2021-12-03,05-14,DE,41,FALSE,1,42.2355,42,1.18606202264501,1.4826,41,41,41,41,42,43,43,44,44,45,1.0001559192333,1864.40334110164,1836.40969237212,2021-12-31
"Independent by age, Reference: Week and day of week, Report: Day of week",2021-12-31,2021-12-03,05-14,DE,41,FALSE,1,42.1855,42,1.20947143851366,1.4826,41,41,41,41,42,43,43,44,44,45,0.999376008383005,2112.02598138127,1973.53346622204,2021-12-31
"Reference: Fixed, Report: Fixed",2021-12-31,2021-12-04,05-14,DE,36,FALSE,3,37.007,37,1.03994795344428,1.4826,36,36,36,36,37,38,38,38,39,39,0.999801297735942,2039.17807884996,1993.29560725083,2021-12-31
"Reference: Fixed, Report: Day of week",2021-12-31,2021-12-04,05-14,DE,36,FALSE,3,36.733,37,0.874124159672561,1.4826,36,36,36,36,37,37,37,38,38,39,0.9994168764108,1903.04601849696,1733.86555341823,2021-12-31
"Reference: Age, Report: Day of week",2021-12-31,2021-12-04,05-14,DE,36,FALSE,3,36.5805,36,0.782832142340579,0,36,36,36,36,36,37,37,38,38,39,1.00102826581138,1873.5637288956,1876.9925193452,2021-12-31
"Reference: Age and week, Report: Day of week",2021-12-31,2021-12-04,05-14,DE,36,FALSE,3,36.628,36,0.8111380723935,0,36,36,36,36,36,37,37,38,38,39,0.99936063843028,1933.10883947238,1863.97316847644,2021-12-31
"Reference: Age and week by age, Report: Day of week",2021-12-31,2021-12-04,05-14,DE,36,FALSE,3,36.6655,36,0.8172782401734,0,36,36,36,36,36,37,37,38,38,39,1.00007044993728,2093.28249286567,1928.44237260232,2021-12-31
"Independent by age, Reference: Week, Report: Day of week",2021-12-31,2021-12-04,05-14,DE,36,FALSE,1,37.4235,37,1.25257024398157,1.4826,36,36,36,36,37,38,38,39,40,40,0.999652597735066,1838.84219502015,1521.03543926733,2021-12-31
"Independent by age, Reference: Week and day of week, Report: Day of week",2021-12-31,2021-12-04,05-14,DE,36,FALSE,1,37.1665,37,1.16895721927291,1.4826,36,36,36,36,37,38,38,39,39,40,0.999478676645123,2005.36511098936,1974.45982375309,2021-12-31
"Reference: Fixed, Report: Fixed",2021-12-31,2021-12-05,05-14,DE,14,FALSE,3,14.862,15,0.981548632956834,1.4826,14,14,14,14,15,15,16,16,17,17,1.00070101479415,2014.23950176794,2001.4155864622,2021-12-31
"Reference: Fixed, Report: Day of week",2021-12-31,2021-12-05,05-14,DE,14,FALSE,3,14.591,14,0.785510988947245,0,14,14,14,14,14,15,15,16,16,16,1.00087562672492,1897.28828400775,1952.22486053277,2021-12-31
"Reference: Age, Report: Day of week",2021-12-31,2021-12-05,05-14,DE,14,FALSE,3,14.438,14,0.663608459932547,0,14,14,14,14,14,15,15,15,16,16,1.00082039547537,1513.89965627154,1626.29253179241,2021-12-31
"Reference: Age and week, Report: Day of week",2021-12-31,2021-12-05,05-14,DE,14,FALSE,3,14.437,14,0.670265341349161,0,14,14,14,14,14,15,15,15,16,16,1.00342747772128,1543.11983478979,1265.50843525371,2021-12-31
"Reference: Age and week by age, Report: Day of week",2021-12-31,2021-12-05,05-14,DE,14,FALSE,3,14.452,14,0.67817841530197,0,14,14,14,14,14,15,15,15,16,16,1.00022598040768,1973.78686287805,1977.97633141771,2021-12-31
"Independent by age, Reference: Week, Report: Day of week",2021-12-31,2021-12-05,05-14,DE,14,FALSE,1,14.9765,15,1.03609096716752,1.4826,14,14,14,14,15,16,16,16,17,18,1.00065066902492,1824.6773647509,1812.60353456648,2021-12-31
"Independent by age, Reference: Week and day of week, Report: Day of week",2021-12-31,2021-12-05,05-14,DE,14,FALSE,1,15.408,15,1.29358907166966,1.4826,14,14,14,14,15,16,16,17,18,19,1.00030026209844,1672.62753108705,1971.0834389047,2021-12-31
"Reference: Fixed, Report: Fixed",2021-12-31,2021-12-06,05-14,DE,17,FALSE,3,17.8875,18,0.982510261120261,1.4826,17,17,17,17,18,18,19,19,20,20,1.0007759107116,1864.02355127065,1849.91186912605,2021-12-31
"Reference: Fixed, Report: Day of week",2021-12-31,2021-12-06,05-14,DE,17,FALSE,3,17.5945,17,0.784459966294877,0,17,17,17,17,17,18,18,19,19,20,0.999372813489473,1937.39137112601,1981.858965343,2021-12-31
"Reference: Age, Report: Day of week",2021-12-31,2021-12-06,05-14,DE,17,FALSE,3,17.4465,17,0.669598335545634,0,17,17,17,17,17,18,18,18,19,19,0.999439966355619,1811.69561695348,1832.97023328592,2021-12-31
"Reference: Age and week, Report: Day of week",2021-12-31,2021-12-06,05-14,DE,17,FALSE,3,17.4475,17,0.663674605504079,0,17,17,17,17,17,18,18,18,19,19,1.00023679492353,1918.65562083426,1872.98619497498,2021-12-31
"Reference: Age and week by age, Report: Day of week",2021-12-31,2021-12-06,05-14,DE,17,FALSE,3,17.431,17,0.661405873019307,0,17,17,17,17,17,18,18,18,19,19,1.00003611583246,2170.1643697495,2052.47429352405,2021-12-31
"Independent by age, Reference: Week, Report: Day of week",2021-12-31,2021-12-06,05-14,DE,17,FALSE,1,17.869,18,0.971756736831697,1.4826,17,17,17,17,18,18,19,19,20,20,1.00113348065132,2109.95908182963,2057.82942418672,2021-12-31
"Independent by age, Reference: Week and day of week, Report: Day of week",2021-12-31,2021-12-06,05-14,DE,17,FALSE,1,18.196,18,1.16844624750848,1.4826,17,17,17,17,18,19,19,20,20,21,1.00068154554816,1936.80335134749,1911.00399155898,2021-12-31
"Reference: Fixed, Report: Fixed",2021-12-31,2021-12-07,05-14,DE,20,FALSE,3,21.0285,21,1.04605681845381,1.4826,20,20,20,20,21,22,22,22,23,24,1.00192240663013,1966.65606102934,2041.21967685379,2021-12-31
"Reference: Fixed, Report: Day of week",2021-12-31,2021-12-07,05-14,DE,20,FALSE,3,20.6245,20,0.813529756882111,0,20,20,20,20,20,21,21,22,22,23,1.00003500906226,1937.14176104277,1708.23993903822,2021-12-31
"Reference: Age, Report: Day of week",2021-12-31,2021-12-07,05-14,DE,20,FALSE,3,20.5255,20,0.748083928969465,0,20,20,20,20,20,21,21,22,22,22,1.00038776191444,1872.22695956739,1801.21103867741,2021-12-31
"Reference: Age and week, Report: Day of week",2021-12-31,2021-12-07,05-14,DE,20,FALSE,3,20.4405,20,0.658541257852647,0,20,20,20,20,20,21,21,21,22,22,1.00029193957192,2147.4183656945,2018.95418163697,2021-12-31
"Reference: Age and week by age, Report: Day of week",2021-12-31,2021-12-07,05-14,DE,20,FALSE,3,20.4355,20,0.646566914083294,0,20,20,20,20,20,21,21,21,22,22,0.999455655781251,2190.30552087399,2040.50377972878,2021-12-31
"Independent by age, Reference: Week, Report: Day of week",2021-12-31,2021-12-07,05-14,DE,20,FALSE,1,20.965,21,1.01305880583115,1.4826,20,20,20,20,21,21.25,22,22,23,23,0.999811191030473,1941.21375102186,1855.5600953447,2021-12-31
"Independent by age, Reference: Week and day of week, Report: Day of week",2021-12-31,2021-12-07,05-14,DE,20,FALSE,1,20.9935,21,1.0918121527481,1.4826,20,20,20,20,21,22,22,22,23,24,0.999575388829145,2007.38510554289,2010.28029074799,2021-12-31
"Reference: Fixed, Report: Fixed",2021-12-31,2021-12-08,05-14,DE,24,FALSE,3,25.2355,25,1.15095703701334,1.4826,24,24,24,24,25,26,26,27,27,28,1.00603109061733,2080.63752995862,1686.55131442854,2021-12-31
"Reference: Fixed, Report: Day of week",2021-12-31,2021-12-08,05-14,DE,24,FALSE,3,24.8455,25,0.952934306180624,1.4826,24,24,24,24,25,25,26,26,27,27,1.00283489274496,2000.47449268319,1898.11985857934,2021-12-31
"Reference: Age, Report: Day of week",2021-12-31,2021-12-08,05-14,DE,24,FALSE,3,24.652,24,0.802631988556728,0,24,24,24,24,24,25,25,26,26,27,0.999417264946781,2001.68678796105,1928.43789397469,2021-12-31
"Reference: Age and week, Report: Day of week",2021-12-31,2021-12-08,05-14,DE,24,FALSE,3,24.63,24,0.7863899825165,0,24,24,24,24,24,25,25,26,26,27,0.999563330452112,2048.4737014757,1955.57202716497,2021-12-31
"Reference: Age and week by age, Report: Day of week",2021-12-31,2021-12-08,05-14,DE,24,FALSE,3,24.7045,24.5,0.845302915237641,0.7413,24,24,24,24,24.5,25,25,26,26,27,1.00004804958656,1858.92732634952,1875.74616372199,2021-12-31
"Independent by age, Reference: Week, Report: Day of week",2021-12-31,2021-12-08,05-14,DE,24,FALSE,1,25.1305,25,1.13671272004142,1.4826,24,24,24,24,25,26,26,27,27,28,1.00123728483659,2239.20897439188,2034.62082325405,2021-12-31
"Independent by age, Reference: Week and day of week, Report: Day of week",2021-12-31,2021-12-08,05-14,DE,24,FALSE,1,24.905,25,0.996228505724369,1.4826,24,24,24,24,25,25,26,26,27,27,1.00025844562364,1898.51538088427,1973.69684107468,2021-12-31
"Reference: Fixed, Report: Fixed",2021-12-31,2021-12-09,05-14,DE,22,FALSE,3,23.404,23,1.22659539707846,1.4826,22,22,22,22,23,24,24,25,26,26,0.999564872970292,1914.23686741863,1392.74098188195,2021-12-31
"Reference: Fixed, Report: Day of week",2021-12-31,2021-12-09,05-14,DE,22,FALSE,3,23.1205,23,1.0897584763462,1.4826,22,22,22,22,23,24,24,25,25,26,0.99946920126445,1857.99567971419,1794.41419309492,2021-12-31
"Reference: Age, Report: Day of week",2021-12-31,2021-12-09,05-14,DE,22,FALSE,3,22.9055,23,0.961265710343889,1.4826,22,22,22,22,23,23,24,24,25,25,1.00024398653647,1987.91358909942,1948.61227891742,2021-12-31
"Reference: Age and week, Report: Day of week",2021-12-31,2021-12-09,05-14,DE,22,FALSE,3,22.9575,23,0.985991805199191,1.4826,22,22,22,22,23,23,24,24,25,25,1.00044070967097,1905.05014052157,1713.56343737791,2021-12-31
"Reference: Age and week by age, Report: Day of week",2021-12-31,2021-12-09,05-14,DE,22,FALSE,3,22.9995,23,1.01045052087055,1.4826,22,22,22,22,23,24,24,24,25,25,0.999714701721572,1916.16105914144,1705.14801446423,2021-12-31
"Independent by age, Reference: Week, Report: Day of week",2021-12-31,2021-12-09,05-14,DE,22,FALSE,1,23.371,23,1.27167904118606,1.4826,22,22,22,22,23,24,24,25,26,26,1.00137688523731,1817.9918739048,1752.54489734565,2021-12-31
"Independent by age, Reference: Week and day of week, Report: Day of week",2021-12-31,2021-12-09,05-14,DE,22,FALSE,1,23.2085,23,1.19739075589849,1.4826,22,22,22,22,23,24,24,25,25,26,1.00062229826922,1846.94894130145,1795.41163616898,2021-12-31
"Reference: Fixed, Report: Fixed",2021-12-31,2021-12-10,05-14,DE,33,FALSE,3,34.916,35,1.43072271378554,1.4826,33,33,34,34,35,36,36,37,38,38,1.0023534385152,2099.09163462482,1836.91266129598,2021-12-31
"Reference: Fixed, Report: Day of week",2021-12-31,2021-12-10,05-14,DE,33,FALSE,3,34.659,34,1.35670163251167,1.4826,33,33,33,34,34,35,36,36,37,38,1.00125500162956,2064.71332014607,2001.23948153355,2021-12-31
"Reference: Age, Report: Day of week",2021-12-31,2021-12-10,05-14,DE,33,FALSE,3,34.39,34,1.20897924523447,1.4826,33,33,33,33,34,35,35,36,37,37,0.9994210598331,2033.67536516981,1849.03889214012,2021-12-31
"Reference: Age and week, Report: Day of week",2021-12-31,2021-12-10,05-14,DE,33,FALSE,3,34.364,34,1.21129584281025,1.4826,33,33,33,33,34,35,35,36,37,37,1.00130214081572,1865.94605326602,1917.15024250468,2021-12-31
"Reference: Age and week by age, Report: Day of week",2021-12-31,2021-12-10,05-14,DE,33,FALSE,3,34.4265,34,1.23667393892473,1.4826,33,33,33,33,34,35,35,36,37,37,1.00010097460463,1837.94751449639,1873.3405451994,2021-12-31
"Independent by age, Reference: Week, Report: Day of week",2021-12-31,2021-12-10,05-14,DE,33,FALSE,1,35.166,35,1.58420290664571,1.4826,33,33,34,34,35,36,36,37,38,39,1.00122042713455,1708.81736475264,1958.42365668093,2021-12-31
"Independent by age, Reference: Week and day of week, Report: Day of week",2021-12-31,2021-12-10,05-14,DE,33,FALSE,1,34.9215,35,1.55130300731683,1.4826,33,33,34,34,35,36,36,37,38,39,1.00077434749187,1995.2358871082,2044.01198705837,2021-12-31
"Reference: Fixed, Report: Fixed",2021-12-31,2021-12-11,05-14,DE,28,FALSE,3,29.984,30,1.45010185769788,1.4826,28,28,29,29,30,31,31,32,33,33,1.00038436084517,2064.82971816925,1925.06552064487,2021-12-31
"Reference: Fixed, Report: Day of week",2021-12-31,2021-12-11,05-14,DE,28,FALSE,3,29.8175,30,1.41816760281528,1.4826,28,28,29,29,30,31,31,32,32,33,1.00217320148401,2196.60112668485,2033.81595734723,2021-12-31
"Reference: Age, Report: Day of week",2021-12-31,2021-12-11,05-14,DE,28,FALSE,3,29.601,29,1.29020591986622,1.4826,28,28,28,29,29,30,31,31,32,33,1.00316596426337,1925.02480711712,1996.35677372841,2021-12-31
"Reference: Age and week, Report: Day of week",2021-12-31,2021-12-11,05-14,DE,28,FALSE,3,29.451,29,1.22692773863741,1.4826,28,28,28,29,29,30,30,31,32,32,0.999643959778104,2107.76601310076,1885.47697276837,2021-12-31
"Reference: Age and week by age, Report: Day of week",2021-12-31,2021-12-11,05-14,DE,28,FALSE,3,29.4855,29,1.24481505946311,1.4826,28,28,28,29,29,30,31,31,32,32,0.999213259491161,1999.61905993911,1821.61964084725,2021-12-31
"Independent by age, Reference: Week, Report: Day of week",2021-12-31,2021-12-11,05-14,DE,28,FALSE,1,30.3835,30,1.69081553653534,1.4826,28,28,29,29,30,31,32,33,34,34,1.001525020704,1808.32257147425,1809.48711173556,2021-12-31
"Independent by age, Reference: Week and day of week, Report: Day of week",2021-12-31,2021-12-11,05-14,DE,28,FALSE,1,29.979,30,1.63030302213177,1.4826,28,28,29,29,30,31,31,32,33,34,0.999587683628839,2020.76334722362,1750.32211142739,2021-12-31
"Reference: Fixed, Report: Fixed",2021-12-31,2021-12-12,05-14,DE,28,FALSE,3,29.9725,30,1.47337339618384,1.4826,28,28,29,29,30,31,31,32,33,33,1.00151774783974,2115.68852278768,1908.95482999483,2021-12-31
"Reference: Fixed, Report: Day of week",2021-12-31,2021-12-12,05-14,DE,28,FALSE,3,30.0005,30,1.43301308900395,1.4826,28,28,29,29,30,31,31,32,33,33,1.00040298787568,2009.774015829,2057.2785334713,2021-12-31
"Reference: Age, Report: Day of week",2021-12-31,2021-12-12,05-14,DE,28,FALSE,3,29.6905,29,1.34670581727382,1.4826,28,28,29,29,29,30,31,32,32,33,0.999768448583029,1945.65663299183,1882.86497476138,2021-12-31
"Reference: Age and week, Report: Day of week",2021-12-31,2021-12-12,05-14,DE,28,FALSE,3,29.4475,29,1.25420503313157,1.4826,28,28,28,29,29,30,30,31,32,32,1.00138425976993,1827.4287523334,1879.14725711571,2021-12-31
"Reference: Age and week by age, Report: Day of week",2021-12-31,2021-12-12,05-14,DE,28,FALSE,3,29.485,29,1.27537770646467,1.4826,28,28,28,29,29,30,30,31,32,33,1.0013888165462,1842.81413965358,1839.14213013524,2021-12-31
"Independent by age, Reference: Week, Report: Day of week",2021-12-31,2021-12-12,05-14,DE,28,FALSE,1,30.4875,30,1.71997759039347,1.4826,28,28,29,29,30,32,32,33,33,34,1.0006156048623,2035.9963927718,1705.35418566504,2021-12-31
"Independent by age, Reference: Week and day of week, Report: Day of week",2021-12-31,2021-12-12,05-14,DE,28,FALSE,1,31.2505,31,2.09354752050444,1.4826,28,28,29,30,31,32,33,34,35,36,1.00179669196151,2231.23793862782,1820.7778714476,2021-12-31
"Reference: Fixed, Report: Fixed",2021-12-31,2021-12-13,05-14,DE,5,FALSE,3,6.5065,6,1.29915420594532,1.4826,5,5,5,6,6,7,8,8,9,9,0.999862786937056,1929.28022284266,1833.34662498659,2021-12-31
"Reference: Fixed, Report: Day of week",2021-12-31,2021-12-13,05-14,DE,5,FALSE,3,6.217,6,1.16901424163633,1.4826,5,5,5,5,6,7,7,8,8,9,1.0018792464591,1819.92856631491,1752.71294499721,2021-12-31
"Reference: Age, Report: Day of week",2021-12-31,2021-12-13,05-14,DE,5,FALSE,3,5.999,6,1.04045195474614,1.4826,5,5,5,5,6,7,7,7,8,8.02499999999986,1.00177756157665,2021.45392185831,1820.86317626927,2021-12-31
"Reference: Age and week, Report: Day of week",2021-12-31,2021-12-13,05-14,DE,5,FALSE,3,5.856,6,0.917433835446029,1.4826,5,5,5,5,6,6,7,7,8,8,1.00063582181319,2107.32256844628,1911.63894581845,2021-12-31
"Reference: Age and week by age, Report: Day of week",2021-12-31,2021-12-13,05-14,DE,5,FALSE,3,5.7875,6,0.91091087890894,1.4826,5,5,5,5,6,6,6,7,8,8,1.00059743293652,2200.51651080685,2047.13392876059,2021-12-31
"Independent by age, Reference: Week, Report: Day of week",2021-12-31,2021-12-13,05-14,DE,5,FALSE,1,6.28,6,1.2154582137345,1.4826,5,5,5,5,6,7,7,8,9,9,1.00117023878176,1968.2830424148,1907.68041443243,2021-12-31
"Independent by age, Reference: Week and day of week, Report: Day of week",2021-12-31,2021-12-13,05-14,DE,5,FALSE,1,6.5645,6,1.37796558178072,1.4826,5,5,5,6,6,7,8,8,9,10,0.999855724980035,1925.18357758209,1918.05718625729,2021-12-31
"Reference: Fixed, Report: Fixed",2021-12-31,2021-12-14,05-14,DE,13,FALSE,3,14.838,15,1.43135613674414,1.4826,13,13,14,14,15,16,16,17,17,18,0.999718397091418,1932.38454526551,1918.08883875654,2021-12-31
"Reference: Fixed, Report: Day of week",2021-12-31,2021-12-14,05-14,DE,13,FALSE,3,14.4265,14,1.24393385504128,1.4826,13,13,13,13,14,15,15,16,17,17,1.000520581881,2001.8835728302,1848.81145162069,2021-12-31
"Reference: Age, Report: Day of week",2021-12-31,2021-12-14,05-14,DE,13,FALSE,3,14.1985,14,1.10892407598679,1.4826,13,13,13,13,14,15,15,16,16,17,1.00125513987107,1818.02753194161,1574.16245473387,2021-12-31
"Reference: Age and week, Report: Day of week",2021-12-31,2021-12-14,05-14,DE,13,FALSE,3,14.179,14,1.12720641284042,1.4826,13,13,13,13,14,15,15,16,16,17,0.99947439087053,1903.69699677887,1706.50935122326,2021-12-31
"Reference: Age and week by age, Report: Day of week",2021-12-31,2021-12-14,05-14,DE,13,FALSE,3,13.9055,14,0.979821297424915,1.4826,13,13,13,13,14,14,15,15,16,16,0.999876779696927,1807.18991316706,1725.44242063793,2021-12-31
"Independent by age, Reference: Week, Report: Day of week",2021-12-31,2021-12-14,05-14,DE,13,FALSE,1,14.529,14,1.28334815667675,1.4826,13,13,13,14,14,15,15,16,17,18,1.00153424781453,2074.22373422319,2120.74450723702,2021-12-31
"Independent by age, Reference: Week and day of week, Report: Day of week",2021-12-31,2021-12-14,05-14,DE,13,FALSE,1,14.524,14,1.31273974679729,1.4826,13,13,13,14,14,15,16,16,17,18,0.999368686773852,2126.53536377409,2047.53725724457,2021-12-31
"Reference: Fixed, Report: Fixed",2021-12-31,2021-12-15,05-14,DE,35,FALSE,3,37.7335,38,1.73896226091093,1.4826,35,35,36,36,38,39,39,40,41,42,0.999197502710834,2060.58397877607,1973.28379205365,2021-12-31
"Reference: Fixed, Report: Day of week",2021-12-31,2021-12-15,05-14,DE,35,FALSE,3,37.71,37,1.71329147661509,1.4826,35,35,36,36,37,39,39,40,41,42,1.00119341971044,1933.96554719882,1733.8743454962,2021-12-31
"Reference: Age, Report: Day of week",2021-12-31,2021-12-15,05-14,DE,35,FALSE,3,37.0675,37,1.49601563540984,1.4826,35,35,36,36,37,38,38,39,40,40,1.0017266770593,1900.85281523476,2021.18404290789,2021-12-31
"Reference: Age and week, Report: Day of week",2021-12-31,2021-12-15,05-14,DE,35,FALSE,3,37.1835,37,1.54370309957252,1.4826,35,35,36,36,37,38,38,39,40,41,1.00172403986835,1996.00935042349,1986.68356056204,2021-12-31
"Reference: Age and week by age, Report: Day of week",2021-12-31,2021-12-15,05-14,DE,35,FALSE,3,37.388,37,1.63364328884784,1.4826,35,35,36,36,37,38,39,40,40,41,1.00145382262686,1912.60103733244,1915.57091006797,2021-12-31
"Independent by age, Reference: Week, Report: Day of week",2021-12-31,2021-12-15,05-14,DE,35,FALSE,1,37.7345,37,1.83948405831646,1.4826,35,35,36,36,37,39,39,40,41,42,1.00032646724728,1845.80566514665,1950.14703456765,2021-12-31
"Independent by age, Reference: Week and day of week, Report: Day of week",2021-12-31,2021-12-15,05-14,DE,35,FALSE,1,37.1045,37,1.64009899468178,1.4826,35,35,36,36,37,38,38,39,40,41,1.00356079375115,1858.82460492473,1453.9327172272,2021-12-31
"Reference: Fixed, Report: Fixed",2021-12-31,2021-12-16,05-14,DE,25,FALSE,3,27.926,28,1.82761979006809,1.4826,25,25,26,27,28,29,29,30,31,32,0.999321032364163,1825.06415954495,1972.22968427638,2021-12-31
"Reference: Fixed, Report: Day of week",2021-12-31,2021-12-16,05-14,DE,25,FALSE,3,27.9655,28,1.80857546776774,1.4826,25,25,26,27,28,29,29,30,31,32,1.00080715428173,2008.36240315295,1899.0709521435,2021-12-31
"Reference: Age, Report: Day of week",2021-12-31,2021-12-16,05-14,DE,25,FALSE,3,27.3465,27,1.55937602161518,1.4826,25,25,26,26,27,28,29,29,30,31,0.999657973295322,2059.32661646729,1840.00641264856,2021-12-31
"Reference: Age and week, Report: Day of week",2021-12-31,2021-12-16,05-14,DE,25,FALSE,3,27.326,27,1.61121755545473,1.4826,25,25,26,26,27,28,29,29,30,31,0.99997044111651,1840.08799815645,1924.35799191469,2021-12-31
"Reference: Age and week by age, Report: Day of week",2021-12-31,2021-12-16,05-14,DE,25,FALSE,3,27.454,27,1.61467878966589,1.4826,25,25,26,26,27,28,29,29.1000000000001,30,31,1.00135691314208,1971.23339735988,1754.45623503291,2021-12-31
"Independent by age, Reference: Week, Report: Day of week",2021-12-31,2021-12-16,05-14,DE,25,FALSE,1,27.906,28,1.87187498460207,1.4826,25,25,26,27,28,29,29,30,31,32,0.999932165310318,2009.58912667832,1696.35918715777,2021-12-31
"Independent by age, Reference: Week and day of week, Report: Day of week",2021-12-31,2021-12-16,05-14,DE,25,FALSE,1,27.518,27,1.8480756726514,1.4826,25,25,26,26,27,29,29,30,31,32,0.999710340279175,1853.47125046487,1737.02556939731,2021-12-31
"Reference: Fixed, Report: Fixed",2021-12-31,2021-12-17,05-14,DE,21,FALSE,3,23.9385,24,1.80564335458639,1.4826,21,21,22,23,24,25,25,26,27,28,0.999680677592024,2117.89965057261,1805.25925838492,2021-12-31
"Reference: Fixed, Report: Day of week",2021-12-31,2021-12-17,05-14,DE,21,FALSE,3,24.1255,24,1.80287962367673,1.4826,21,22,23,23,24,25,26,27,27,28,0.999575610583448,2056.71085204086,1838.16772730608,2021-12-31
"Reference: Age, Report: Day of week",2021-12-31,2021-12-17,05-14,DE,21,FALSE,3,23.4925,23,1.65236464028138,1.4826,21,21,22,22,23,25,25,26,26.05,27,0.9996851683375,2047.82617863807,1975.68249775617,2021-12-31
"Reference: Age and week, Report: Day of week",2021-12-31,2021-12-17,05-14,DE,21,FALSE,3,23.2945,23,1.56108559794845,1.4826,21,21,22,22,23,24,25,25,26,27,0.99952504908153,2014.79451319335,1789.82318114291,2021-12-31
"Reference: Age and week by age, Report: Day of week",2021-12-31,2021-12-17,05-14,DE,21,FALSE,3,23.3945,23,1.60877712313296,1.4826,21,21,22,22,23,24,25,26,26,27,1.00004998414094,2138.78015465907,1862.10946931321,2021-12-31
"Independent by age, Reference: Week, Report: Day of week",2021-12-31,2021-12-17,05-14,DE,21,FALSE,1,23.949,24,1.99909909674316,1.4826,21,21,22,22,24,25,26,27,28,29,0.999767747221504,2037.38097948991,1864.66250985254,2021-12-31
"Independent by age, Reference: Week and day of week, Report: Day of week",2021-12-31,2021-12-17,05-14,DE,21,FALSE,1,23.5695,23,1.94037426187271,1.4826,21,21,22,22,23,25,25,26,27,28,1.00117452393292,2058.22548496198,1847.56651215143,2021-12-31
"Reference: Fixed, Report: Fixed",2021-12-31,2021-12-18,05-14,DE,23,FALSE,3,26.166,26,1.85907828937972,1.4826,23,24,25,25,26,27,28,29,30,30,0.999150367611198,1900.7601044693,1824.67852634461,2021-12-31
"Reference: Fixed, Report: Day of week",2021-12-31,2021-12-18,05-14,DE,23,FALSE,3,26.647,26,1.97315424354874,1.4826,24,24,25,25,26,28,28,29,30,31,1.00085786824421,2021.83085372278,2001.0158667925,2021-12-31
"Reference: Age, Report: Day of week",2021-12-31,2021-12-18,05-14,DE,23,FALSE,3,25.9605,26,1.82334913031638,1.4826,23,23,24,25,26,27,27,28,29,30,1.00056791323687,2000.49281161006,1807.27619668839,2021-12-31
"Reference: Age and week, Report: Day of week",2021-12-31,2021-12-18,05-14,DE,23,FALSE,3,25.5785,25,1.71648213082826,1.4826,23,23,24,24,25,27,27,28,29,29,1.00104503584942,1735.43952288455,2045.10271108796,2021-12-31
"Reference: Age and week by age, Report: Day of week",2021-12-31,2021-12-18,05-14,DE,23,FALSE,3,25.5245,25,1.69258150943553,1.4826,23,23,24,24,25,27,27,28,29,29,1.0026010570041,1996.77451263492,1941.78937739706,2021-12-31
"Independent by age, Reference: Week, Report: Day of week",2021-12-31,2021-12-18,05-14,DE,23,FALSE,1,26.4845,26,2.12673958458254,1.4826,23,24,25,25,26,28,28,29,30,31,1.00291182356211,1921.2591409923,1987.19203403595,2021-12-31
"Independent by age, Reference: Week and day of week, Report: Day of week",2021-12-31,2021-12-18,05-14,DE,23,FALSE,1,25.965,26,2.05423585366219,1.4826,23,23,24,24,26,27,28,29,30,30,0.999826165650499,2122.29420036331,2020.67896078806,2021-12-31
"Reference: Fixed, Report: Fixed",2021-12-31,2021-12-19,05-14,DE,12,FALSE,3,14.8295,15,1.79137775668159,1.4826,12,12,13,14,15,16,16,17,18,19,0.999537104094826,1921.95535353923,1996.73461236824,2021-12-31
"Reference: Fixed, Report: Day of week",2021-12-31,2021-12-19,05-14,DE,12,FALSE,3,15.426,15,2.01210046323166,1.4826,12,13,14,14,15,17,17,18,19,20,1.00141117070943,1985.84897075499,1958.14037465997,2021-12-31
"Reference: Age, Report: Day of week",2021-12-31,2021-12-19,05-14,DE,12,FALSE,3,14.641,14,1.7333843516818,1.4826,12,12,13,13,14,16,16,17,18,18,0.999736753375679,2074.78716884538,1966.84145870833,2021-12-31
"Reference: Age and week, Report: Day of week",2021-12-31,2021-12-19,05-14,DE,12,FALSE,3,14.3645,14,1.61491291463686,1.4826,12,12,13,13,14,15,16,16.1000000000001,17,18,0.999217107161586,2171.59381600768,1997.75272393912,2021-12-31
"Reference: Age and week by age, Report: Day of week",2021-12-31,2021-12-19,05-14,DE,12,FALSE,3,14.093,14,1.52725808514125,1.4826,12,12,13,13,14,15,15,16,17,18,1.00024405209828,1955.32965568432,1876.96343098231,2021-12-31
"Independent by age, Reference: Week, Report: Day of week",2021-12-31,2021-12-19,05-14,DE,12,FALSE,1,14.994,15,2.01519093319929,1.4826,12,12,13,14,15,16,17,18,19,20,1.00008680374569,2015.66377225966,2115.46907810081,2021-12-31
"Independent by age, Reference: Week and day of week, Report: Day of week",2021-12-31,2021-12-19,05-14,DE,12,FALSE,1,15.6345,15,2.16846970936654,1.4826,12,13,14,14,15,17,17,19,20,21,1.00041421714475,2044.05820580136,1974.53082416707,2021-12-31
"Reference: Fixed, Report: Fixed",2021-12-31,2021-12-20,05-14,DE,9,FALSE,3,11.992,12,1.89914174554846,1.4826,9,9,10,11,12,13,13,15,15,16,1.00236316928116,2055.38302027609,1976.28678928255,2021-12-31
"Reference: Fixed, Report: Day of week",2021-12-31,2021-12-20,05-14,DE,9,FALSE,3,12.1035,12,1.9127511752785,1.4826,9,9,10,11,12,13,14,15,16,16,1.00150130437993,2161.3670831632,1775.73613938172,2021-12-31
"Reference: Age, Report: Day of week",2021-12-31,2021-12-20,05-14,DE,9,FALSE,3,11.478,11,1.71201094936492,1.4826,9,9,10,10,11,12.25,13,14,15,15,0.999830678857157,2211.58923810712,1898.95645777796,2021-12-31
"Reference: Age and week, Report: Day of week",2021-12-31,2021-12-20,05-14,DE,9,FALSE,3,11.479,11,1.71494300627087,1.4826,9,9,10,10,11,12,13,14,15,15,0.999709726641221,2023.64133138221,2083.93643142332,2021-12-31
"Reference: Age and week by age, Report: Day of week",2021-12-31,2021-12-20,05-14,DE,9,FALSE,3,11.057,11,1.50794162485555,1.4826,9,9,10,10,11,12,12,13,14,15,0.999475060526959,1759.93501344984,1815.11099196037,2021-12-31
"Independent by age, Reference: Week, Report: Day of week",2021-12-31,2021-12-20,05-14,DE,9,FALSE,1,11.586,11,1.84154816657749,1.4826,9,9,10,10,11,13,13,14,15,16,1.00032640260394,2143.05794050195,1880.12181560425,2021-12-31
"Independent by age, Reference: Week and day of week, Report: Day of week",2021-12-31,2021-12-20,05-14,DE,9,FALSE,1,11.706,11,1.87518590040575,1.4826,9,9,10,10,11,13,13,14,15,16,1.00174255423148,1967.94064935861,1746.23875026191,2021-12-31
"Reference: Fixed, Report: Fixed",2021-12-31,2021-12-21,05-14,DE,21,FALSE,3,24.819,25,2.1588351684745,2.2239,21,22,23,23,25,26,27,28,29,30,1.00141024124089,2090.40997654974,1751.64702611601,2021-12-31
"Reference: Fixed, Report: Day of week",2021-12-31,2021-12-21,05-14,DE,21,FALSE,3,24.9255,25,2.05427840856344,1.4826,22,22,23,23,25,26,27,28,29,30,1.0012325683736,1971.62626516628,1812.06516568836,2021-12-31
"Reference: Age, Report: Day of week",2021-12-31,2021-12-21,05-14,DE,21,FALSE,3,24.187,24,1.94677321816936,1.4826,21,21,22.8,23,24,25,26,27,28,29,0.999778295730348,2093.41021006726,1825.97706322084,2021-12-31
"Reference: Age and week, Report: Day of week",2021-12-31,2021-12-21,05-14,DE,21,FALSE,3,24.3535,24,1.97369843004102,1.4826,21,22,23,23,24,26,26,27,28,29,1.000215469316,2028.73520980164,1892.19632527059,2021-12-31
"Reference: Age and week by age, Report: Day of week",2021-12-31,2021-12-21,05-14,DE,21,FALSE,3,24.196,24,1.98835630116692,1.4826,21,21,22,23,24,25,26,27,28,29,1.00026060047224,1945.68149708605,1647.21921843897,2021-12-31
"Independent by age, Reference: Week, Report: Day of week",2021-12-31,2021-12-21,05-14,DE,21,FALSE,1,24.314,24,2.12147456434518,1.4826,21,21,23,23,24,26,26,27,28,29,1.00003815381233,2035.74750892437,2061.18548835401,2021-12-31
"Independent by age, Reference: Week and day of week, Report: Day of week",2021-12-31,2021-12-21,05-14,DE,21,FALSE,1,24.1305,24,2.1172413904779,1.4826,21,21,22,23,24,25,26,27,28,29,1.00075627972831,1750.77638627422,2008.5252499437,2021-12-31
"Reference: Fixed, Report: Fixed",2021-12-31,2021-12-22,05-14,DE,21,FALSE,3,25.6595,25,2.47580786053384,2.9652,22,22,24,24,25,27,28,29,30,31,1.00006724495593,2130.99907405269,2088.95385719204,2021-12-31
"Reference: Fixed, Report: Day of week",2021-12-31,2021-12-22,05-14,DE,21,FALSE,3,26.118,26,2.4950327842129,2.9652,22,23,24,24,26,28,28,29,31,32,1.00028375192423,1839.77599884295,1822.94625583684,2021-12-31
"Reference: Age, Report: Day of week",2021-12-31,2021-12-22,05-14,DE,21,FALSE,3,25.172,25,2.2338108593786,2.9652,22,22,23,24,25,27,27,28,29,30,1.00327115036372,2126.70965780279,1854.77359430258,2021-12-31
"Reference: Age and week, Report: Day of week",2021-12-31,2021-12-22,05-14,DE,21,FALSE,3,25.083,25,2.21507658606674,1.4826,22,22,23,23,25,26,27,28,29,30,1.00102726401701,1980.88614852692,1945.7076471212,2021-12-31
"Reference: Age and week by age, Report: Day of week",2021-12-31,2021-12-22,05-14,DE,21,FALSE,3,25.5545,25,2.40726550542453,1.4826,22,22,24,24,25,27,27,29,30,31,0.999479350249862,2150.78707431845,1924.79681971419,2021-12-31
"Independent by age, Reference: Week, Report: Day of week",2021-12-31,2021-12-22,05-14,DE,21,FALSE,1,24.7965,24,2.31122448700135,1.4826,21,22,23,23,24,26,27,28,29,30,1.00029943161124,1989.38131640277,1927.37135846767,2021-12-31
"Independent by age, Reference: Week and day of week, Report: Day of week",2021-12-31,2021-12-22,05-14,DE,21,FALSE,1,24.146,24,2.1883963396217,1.4826,21,21,22,23,24,25,26,27,28,29,1.00054165628777,1885.27400622848,1745.07753525771,2021-12-31
"Reference: Fixed, Report: Fixed",2021-12-31,2021-12-23,05-14,DE,24,FALSE,3,29.244,29,2.62714958795245,2.9652,25,26,27,27,29,31,31,33,34,35,1.00188048830703,1681.90332025597,1740.46238284811,2021-12-31
"Reference: Fixed, Report: Day of week",2021-12-31,2021-12-23,05-14,DE,24,FALSE,3,30.6995,30,3.00045014965259,2.9652,26,26,28,29,30,33,33,35,36,37,1.00095668459781,2138.88258312781,1780.89876705774,2021-12-31
"Reference: Age, Report: Day of week",2021-12-31,2021-12-23,05-14,DE,24,FALSE,3,29.4055,29,2.5652212243713,2.9652,25,26,27,28,29,31,31,33,34,35,0.999656295191786,1906.69087537715,1878.00300479685,2021-12-31
"Reference: Age and week, Report: Day of week",2021-12-31,2021-12-23,05-14,DE,24,FALSE,3,29.1295,29,2.48250098803158,2.9652,25,25.95,27,27,29,31,31,32,34,34,1.00046137758037,2114.37726546083,1647.53313883266,2021-12-31
"Reference: Age and week by age, Report: Day of week",2021-12-31,2021-12-23,05-14,DE,24,FALSE,3,29.6925,29,2.70233140963942,2.9652,25,26,27,28,29,31,32,33,35,36,0.9996575769421,2141.3496707177,1952.20057407601,2021-12-31
"Independent by age, Reference: Week, Report: Day of week",2021-12-31,2021-12-23,05-14,DE,24,FALSE,1,28.846,28.5,2.61910554520593,2.2239,25,25,27,27,28.5,30,31,32,34,35,1.00010688645223,1975.30266683225,1988.16602560038,2021-12-31
"Independent by age, Reference: Week and day of week, Report: Day of week",2021-12-31,2021-12-23,05-14,DE,24,FALSE,1,28.272,28,2.49662423409754,2.9652,24,25,26,26,28,30,30,32,33,34,1.00148950778185,1496.55612364717,1806.78525254568,2021-12-31
"Reference: Fixed, Report: Fixed",2021-12-31,2021-12-24,05-14,DE,15,FALSE,3,19.8285,20,2.47045326198652,2.9652,16,16,18,18,20,21,22,23,24,25,1.00059841361605,1654.06242855294,1949.04765040548,2021-12-31
"Reference: Fixed, Report: Day of week",2021-12-31,2021-12-24,05-14,DE,15,FALSE,3,21.156,21,2.7942025309365,2.9652,17,17,19,19,21,23,23,25,26,27,1.00126838220984,2195.85355177787,1794.28079022546,2021-12-31
"Reference: Age, Report: Day of week",2021-12-31,2021-12-24,05-14,DE,15,FALSE,3,19.794,20,2.48266909251142,2.9652,16,16,18,18,20,21,22,23,24,25,1.00103114086928,2258.01080475287,1946.08985927317,2021-12-31
"Reference: Age and week, Report: Day of week",2021-12-31,2021-12-24,05-14,DE,15,FALSE,3,19.4005,19,2.34090573706737,2.9652,16,16,17,18,19,21,21,23,24,25,1.00229960453305,1988.18815116229,1957.86266946869,2021-12-31
"Reference: Age and week by age, Report: Day of week",2021-12-31,2021-12-24,05-14,DE,15,FALSE,3,19.442,19,2.34037917597634,1.4826,16,16,17,18,19,21,21,22,24,25,0.999659604791393,1792.64974953506,2087.87785527228,2021-12-31
"Independent by age, Reference: Week, Report: Day of week",2021-12-31,2021-12-24,05-14,DE,15,FALSE,1,19.2915,19,2.41980484290343,2.9652,15,16,17,18,19,21,21,23,24,25,0.999912558383529,1916.02342484398,1868.13451386431,2021-12-31
"Independent by age, Reference: Week and day of week, Report: Day of week",2021-12-31,2021-12-24,05-14,DE,15,FALSE,1,18.967,19,2.40141508223768,2.9652,15,16,17,17,19,20,21,22,23,24,1.00063158004959,1852.29450316078,1908.43429507217,2021-12-31
"Reference: Fixed, Report: Fixed",2021-12-31,2021-12-25,05-14,DE,7,FALSE,3,11.46,11,2.39024196020281,2.9652,8,8,9,10,11,13,13,15,16,17,1.0039307018015,1946.35120568302,1969.36010820154,2021-12-31
"Reference: Fixed, Report: Day of week",2021-12-31,2021-12-25,05-14,DE,7,FALSE,3,12.4845,12,2.71467207453057,2.9652,8,9,10,11,12,14,15,16,18,19,1.00031811748761,2208.89008349125,2045.10651999254,2021-12-31
"Reference: Age, Report: Day of week",2021-12-31,2021-12-25,05-14,DE,7,FALSE,3,11.1025,11,2.26131610467503,2.9652,7,8,9,9,11,13,13,14,15,16,0.999959020585311,2119.41340510969,1892.43761991645,2021-12-31
"Reference: Age and week, Report: Day of week",2021-12-31,2021-12-25,05-14,DE,7,FALSE,3,10.9815,11,2.21056577611372,1.4826,7,8,9,9,11,12,13,14,15,16,0.999860883276186,1912.01354643701,1781.80859396922,2021-12-31
"Reference: Age and week by age, Report: Day of week",2021-12-31,2021-12-25,05-14,DE,7,FALSE,3,10.4515,10,2.13141249166012,1.4826,7,8,9,9,10,12,12,13,14,15,1.00263533282068,1804.68925985045,1987.62364956056,2021-12-31
"Independent by age, Reference: Week, Report: Day of week",2021-12-31,2021-12-25,05-14,DE,7,FALSE,1,11.04,11,2.41708939854948,2.9652,7,8,9,9,11,13,13,14,15,17,0.999705661366213,1776.42169485542,1909.18710261371,2021-12-31
"Independent by age, Reference: Week and day of week, Report: Day of week",2021-12-31,2021-12-25,05-14,DE,7,FALSE,1,10.723,10,2.429654833779,2.9652,7,7,9,9,10,12,13,14,15,16,0.999580156221894,1857.01012100474,1658.48904244692,2021-12-31
"Reference: Fixed, Report: Fixed",2021-12-31,2021-12-26,05-14,DE,5,FALSE,3,9.494,9,2.43658212794749,2.9652,6,6,7,8,9,11,11,13,14,15,1.00023043566476,1546.63737617792,1827.09510399562,2021-12-31
"Reference: Fixed, Report: Day of week",2021-12-31,2021-12-26,05-14,DE,5,FALSE,3,9.799,9,2.55907667660005,2.9652,6,6,8,8,9,11,12,13,15,16,1.0002329148001,1895.59124328888,1802.16188291617,2021-12-31
"Reference: Age, Report: Day of week",2021-12-31,2021-12-26,05-14,DE,5,FALSE,3,6.0535,6,1.09965556934232,1.4826,5,5,5,5,6,7,7,8,8,9,1.00142302656874,2314.21405715895,2088.55376845804,2021-12-31
"Reference: Age and week, Report: Day of week",2021-12-31,2021-12-26,05-14,DE,5,FALSE,3,6.6765,6,1.60097761216618,1.4826,5,5,5,5,6,7,8,9,10,11,1.00212634979135,1100.58531090064,1659.58857034955,2021-12-31
"Reference: Age and week by age, Report: Day of week",2021-12-31,2021-12-26,05-14,DE,5,FALSE,3,6.319,6,1.28843666298241,1.4826,5,5,5,5,6,7,7,8,9,9,0.999558949341606,1932.47384804384,1831.80129882223,2021-12-31
"Independent by age, Reference: Week, Report: Day of week",2021-12-31,2021-12-26,05-14,DE,5,FALSE,1,8.332,8,2.18177819175988,1.4826,5,5,6,7,8,10,10,11,12,13,1.00025198375754,2024.23534493843,1715.95019400924,2021-12-31
"Independent by age, Reference: Week and day of week, Report: Day of week",2021-12-31,2021-12-26,05-14,DE,5,FALSE,1,8.5165,8,2.14942731184017,1.4826,5,6,7,7,8,10,10,11,12,13,1.00022244172048,1673.17074370614,1935.85499287788,2021-12-31
"Reference: Fixed, Report: Fixed",2021-12-31,2021-12-27,05-14,DE,5,FALSE,3,10.298,10,2.80715800553407,2.9652,6,6,8,8,10,12,12.2,14,15,17,1.00242697019931,1623.76948809998,2006.60841881245,2021-12-31
"Reference: Fixed, Report: Day of week",2021-12-31,2021-12-27,05-14,DE,5,FALSE,3,9.9045,10,2.58625677612569,2.9652,6,6,8,8,10,12,12,13,15,16,1.00055132325023,1884.46763897013,1916.39226168845,2021-12-31
"Reference: Age, Report: Day of week",2021-12-31,2021-12-27,05-14,DE,5,FALSE,3,6.0735,6,1.14575482851417,1.4826,5,5,5,5,6,7,7,8,8,9,1.00042759778029,2167.06569237069,2052.0214536534,2021-12-31
"Reference: Age and week, Report: Day of week",2021-12-31,2021-12-27,05-14,DE,5,FALSE,3,6.7335,6,1.66459099528707,1.4826,5,5,5,5,6,8,8,9,10,11,1.00564909572623,995.824879157644,1447.87981054982,2021-12-31
"Reference: Age and week by age, Report: Day of week",2021-12-31,2021-12-27,05-14,DE,5,FALSE,3,6.354,6,1.25238501832187,1.4826,5,5,5,5,6,7,7,8,9,9,1.00046553253196,1646.92993059671,1883.97886575529,2021-12-31
"Independent by age, Reference: Week, Report: Day of week",2021-12-31,2021-12-27,05-14,DE,5,FALSE,1,8.049,8,2.03289579975618,1.4826,5,5,6,7,8,9,10,11,12,13,1.00019783607792,2269.26182975036,1901.6616024103,2021-12-31
"Independent by age, Reference: Week and day of week, Report: Day of week",2021-12-31,2021-12-27,05-14,DE,5,FALSE,1,7.937,8,1.93025748204054,1.4826,5,5,6,7,8,9,9,11,12,13,1.00086486353473,1985.1362512868,1952.9246824852,2021-12-31
"Reference: Fixed, Report: Fixed",2021-12-31,2021-12-28,05-14,DE,8,FALSE,3,15.198,15,3.42135190011379,2.9652,10,10,12,13,15,17,18,20,21,23,1.00131184406128,2282.10097721092,1800.368152722,2021-12-31
"Reference: Fixed, Report: Day of week",2021-12-31,2021-12-28,05-14,DE,8,FALSE,3,13.621,13,2.75955912842824,2.9652,9,10,11,12,13,15,16,17,19,20,0.999698685075792,2110.54724022221,2051.83581344049,2021-12-31
"Reference: Age, Report: Day of week",2021-12-31,2021-12-28,05-14,DE,8,FALSE,3,9.3335,9,1.27909960436979,1.4826,8,8,8,8,9,10,10,11,12,13,0.999854765917724,1982.40904358022,1951.20028634658,2021-12-31
"Reference: Age and week, Report: Day of week",2021-12-31,2021-12-28,05-14,DE,8,FALSE,3,9.8725,10,1.62989939444679,1.4826,8,8,8,9,10,11,11,12,13,14,1.00211384261164,936.329784739881,1363.54275107195,2021-12-31
"Reference: Age and week by age, Report: Day of week",2021-12-31,2021-12-28,05-14,DE,8,FALSE,3,9.1765,9,1.18450380946509,1.4826,8,8,8,8,9,10,10,11,11,12,0.999323428027169,1789.39101434848,1687.27935854847,2021-12-31
"Independent by age, Reference: Week, Report: Day of week",2021-12-31,2021-12-28,05-14,DE,8,FALSE,1,11.425,11,2.16488298972014,1.4826,8,8,10,10,11,13,13,14,15,16,1.000514943896,2021.91340770407,2000.21427953835,2021-12-31
"Independent by age, Reference: Week and day of week, Report: Day of week",2021-12-31,2021-12-28,05-14,DE,8,FALSE,1,11.274,11,2.17285173040435,1.4826,8,8,9,10,11,13,13,14,15,16,1.00117357217251,1525.67894279413,1715.27216680652,2021-12-31
"Reference: Fixed, Report: Fixed",2021-12-31,2021-12-29,05-14,DE,10,FALSE,3,20.245,20,4.42003884278021,4.4478,13,14,16,17,20,23,24,26,28,30,1.00037828044638,2245.27026497381,1964.02780078716,2021-12-31
"Reference: Fixed, Report: Day of week",2021-12-31,2021-12-29,05-14,DE,10,FALSE,3,18.325,18,3.48359623397441,2.9652,12,13,15,16,18,20,21,23,24,26,0.999744764216071,2213.08429873486,1904.41696609192,2021-12-31
"Reference: Age, Report: Day of week",2021-12-31,2021-12-29,05-14,DE,10,FALSE,3,12.477,12,1.77793462359078,1.4826,10,10,11,11,12,14,14,15,16,16,0.999987592585529,2058.75645095085,1884.31041431779,2021-12-31
"Reference: Age and week, Report: Day of week",2021-12-31,2021-12-29,05-14,DE,10,FALSE,3,12.7205,12,2.0375120803909,1.4826,10,10,11,11,12,14,14,15,17,18,1.00199721672207,1206.1364546723,1582.07230235664,2021-12-31
"Reference: Age and week by age, Report: Day of week",2021-12-31,2021-12-29,05-14,DE,10,FALSE,3,11.9955,12,1.65524912772592,1.4826,10,10,11,11,12,13,13,14,15,16,1.00224665807297,1986.61696093817,1988.42148867586,2021-12-31
"Independent by age, Reference: Week, Report: Day of week",2021-12-31,2021-12-29,05-14,DE,10,FALSE,1,14.4985,14,2.60295705741016,2.9652,10,11,12,13,14,16,16,18,19,20,0.999635948620047,2179.87709833663,1869.25721070695,2021-12-31
"Independent by age, Reference: Week and day of week, Report: Day of week",2021-12-31,2021-12-29,05-14,DE,10,FALSE,1,14.042,14,2.62405770504761,2.9652,10,11,12,12,14,16,16,18,19,20,1.00358245079253,1896.32844728505,2012.50832921447,2021-12-31
"Reference: Fixed, Report: Fixed",2021-12-31,2021-12-30,05-14,DE,11,FALSE,3,25.0505,24,6.30791920306024,5.9304,15.975,16,20,21,24,28,30,33,36,40,0.99996371694798,2003.49785950298,2037.5847292219,2021-12-31
"Reference: Fixed, Report: Day of week",2021-12-31,2021-12-30,05-14,DE,11,FALSE,3,23.5745,23,4.83819737370371,4.4478,16,17,19,20,23,27,27,30,32,34,0.999787894903864,2294.09881301743,1866.08728246006,2021-12-31
"Reference: Age, Report: Day of week",2021-12-31,2021-12-30,05-14,DE,11,FALSE,3,16.0935,16,2.8036918685988,2.9652,12,12,14,14,16,18,18,20,21,23,0.99963406376888,1915.72561701715,2000.01599562396,2021-12-31
"Reference: Age and week, Report: Day of week",2021-12-31,2021-12-30,05-14,DE,11,FALSE,3,15.52,15,2.7417802025946,2.9652,11,12,13,14,15,17,18,19,20,22,1.00113715549036,1909.62456779661,1528.37119981866,2021-12-31
"Reference: Age and week by age, Report: Day of week",2021-12-31,2021-12-30,05-14,DE,11,FALSE,3,15.59,15,2.79209561063898,2.9652,11,12,13,14,15,17,18,19,21,22,1.00091871740242,1864.83940381199,1570.2877842637,2021-12-31
"Independent by age, Reference: Week, Report: Day of week",2021-12-31,2021-12-30,05-14,DE,11,FALSE,1,17.452,17,3.42907790632465,2.9652,12,13,15,15,17,19,20,22,24,26,1.00066446972215,2406.71363578663,1985.36100183962,2021-12-31
"Independent by age, Reference: Week and day of week, Report: Day of week",2021-12-31,2021-12-30,05-14,DE,11,FALSE,1,17.1725,17,3.47890717720002,2.9652,12,12,14,15,17,19,20,22,24,25,1.00173324104926,1997.54186906978,1529.49937677685,2021-12-31
"Reference: Fixed, Report: Fixed",2021-12-31,2021-12-31,05-14,DE,5,FALSE,3,23.663,22,9.20471587813543,7.413,11,12,16,17,22,28,30,35,41,47,1.0003689377594,2199.00935950409,1950.03050685723,2021-12-31
"Reference: Fixed, Report: Day of week",2021-12-31,2021-12-31,05-14,DE,5,FALSE,3,20.8995,20,6.93537666422937,5.9304,10,11,15,16,20,25,26,30,33,36,1.00120448437896,2566.62545126773,2079.91065385757,2021-12-31
"Reference: Age, Report: Day of week",2021-12-31,2021-12-31,05-14,DE,5,FALSE,3,13.666,13,4.33414771531948,4.4478,7,8,10,11,13,16,17,19,22,24,0.999962781740723,2240.09475025234,1831.78255951705,2021-12-31
"Reference: Age and week, Report: Day of week",2021-12-31,2021-12-31,05-14,DE,5,FALSE,3,12.584,12,4.02778543715574,4.4478,7,7,9,10,12,15,16,18,20,22,1.00023629343907,1852.7265743641,1983.20061565445,2021-12-31
"Reference: Age and week by age, Report: Day of week",2021-12-31,2021-12-31,05-14,DE,5,FALSE,3,14.2795,14,4.8503755340603,4.4478,7,8,10,11,14,17,18,20,23,26,0.999943150634178,2045.31142625524,1928.20105146751,2021-12-31
"Independent by age, Reference: Week, Report: Day of week",2021-12-31,2021-12-31,05-14,DE,5,FALSE,1,13.617,13,4.7217007771686,4.4478,7,7.95,10,10,13,16,17,20,22,25,1.00027097002648,2380.46859173361,1727.79592707681,2021-12-31
"Independent by age, Reference: Week and day of week, Report: Day of week",2021-12-31,2021-12-31,05-14,DE,5,FALSE,1,13.6085,13,4.76713651422661,4.4478,7,7,10,10,13,16,17,20,23,25,1.00127249328923,2102.15188806521,1812.67470263599,2021-12-31
"Reference: Fixed, Report: Fixed",2021-12-31,2021-11-22,15-34,DE,54,FALSE,4,54,54,0,0,54,54,54,54,54,54,54,54,54,54,,,,2021-12-31
"Reference: Fixed, Report: Day of week",2021-12-31,2021-11-22,15-34,DE,54,FALSE,4,54,54,0,0,54,54,54,54,54,54,54,54,54,54,,,,2021-12-31
"Reference: Age, Report: Day of week",2021-12-31,2021-11-22,15-34,DE,54,FALSE,4,54,54,0,0,54,54,54,54,54,54,54,54,54,54,,,,2021-12-31
"Reference: Age and week, Report: Day of week",2021-12-31,2021-11-22,15-34,DE,54,FALSE,4,54,54,0,0,54,54,54,54,54,54,54,54,54,54,,,,2021-12-31
"Reference: Age and week by age, Report: Day of week",2021-12-31,2021-11-22,15-34,DE,54,FALSE,4,54,54,0,0,54,54,54,54,54,54,54,54,54,54,,,,2021-12-31
"Independent by age, Reference: Week, Report: Day of week",2021-12-31,2021-11-22,15-34,DE,54,FALSE,1,54,54,0,0,54,54,54,54,54,54,54,54,54,54,,,,2021-12-31
"Independent by age, Reference: Week and day of week, Report: Day of week",2021-12-31,2021-11-22,15-34,DE,54,FALSE,1,54,54,0,0,54,54,54,54,54,54,54,54,54,54,,,,2021-12-31
"Reference: Fixed, Report: Fixed",2021-12-31,2021-11-23,15-34,DE,111,FALSE,4,111.196,111,0.455727817805717,0,111,111,111,111,111,111,111,112,112,112,1.0010249562513,1825.79462128987,1872.28719985857,2021-12-31
"Reference: Fixed, Report: Day of week",2021-12-31,2021-11-23,15-34,DE,111,FALSE,4,111.03,111,0.179209536657552,0,111,111,111,111,111,111,111,111,111,112,1.00178761041124,1856.9528388385,1844.47870136527,2021-12-31
"Reference: Age, Report: Day of week",2021-12-31,2021-11-23,15-34,DE,111,FALSE,4,111.0155,111,0.123561254816572,0,111,111,111,111,111,111,111,111,111,111,0.999294184794307,2041.14895887873,2041.14895887873,2021-12-31
"Reference: Age and week, Report: Day of week",2021-12-31,2021-11-23,15-34,DE,111,FALSE,4,111.0185,111,0.142013499065964,0,111,111,111,111,111,111,111,111,111,111,0.999369232892709,1966.14670206206,1961.09040280214,2021-12-31
"Reference: Age and week by age, Report: Day of week",2021-12-31,2021-11-23,15-34,DE,111,FALSE,4,111.0185,111,0.134784396043119,0,111,111,111,111,111,111,111,111,111,111,0.999247140985984,1917.49537905713,1917.49537905713,2021-12-31
"Independent by age, Reference: Week, Report: Day of week",2021-12-31,2021-11-23,15-34,DE,111,FALSE,1,111.0595,111,0.24080852221669,0,111,111,111,111,111,111,111,111,112,112,0.999584516194001,1780.82970023476,1779.72245113019,2021-12-31
"Independent by age, Reference: Week and day of week, Report: Day of week",2021-12-31,2021-11-23,15-34,DE,111,FALSE,1,111.046,111,0.209537473919317,0,111,111,111,111,111,111,111,111,111,112,0.999758894752779,2112.14999974766,2112.14999974766,2021-12-31
"Reference: Fixed, Report: Fixed",2021-12-31,2021-11-24,15-34,DE,133,FALSE,4,133.5775,133,0.82905815158489,0,133,133,133,133,133,134,134,135,135,136,1.00015368654921,1609.3350338878,1656.50489989045,2021-12-31
"Reference: Fixed, Report: Day of week",2021-12-31,2021-11-24,15-34,DE,133,FALSE,4,133.099,133,0.318197461982974,0,133,133,133,133,133,133,133,133,134,134,0.999807117165536,1932.49267274442,1922.17784646234,2021-12-31
"Reference: Age, Report: Day of week",2021-12-31,2021-11-24,15-34,DE,133,FALSE,4,133.081,133,0.292372606224378,0,133,133,133,133,133,133,133,133,134,134,0.999728683760597,1972.93834189547,1978.99243036342,2021-12-31
"Reference: Age and week, Report: Day of week",2021-12-31,2021-11-24,15-34,DE,133,FALSE,4,133.0875,133,0.291352352138349,0,133,133,133,133,133,133,133,133,134,134,0.999361132056049,2003.13722855993,1987.00635082235,2021-12-31
"Reference: Age and week by age, Report: Day of week",2021-12-31,2021-11-24,15-34,DE,133,FALSE,4,133.0715,133,0.26348142483032,0,133,133,133,133,133,133,133,133,134,134,1.00002782797882,2031.33905657182,2013.45709777229,2021-12-31
"Independent by age, Reference: Week, Report: Day of week",2021-12-31,2021-11-24,15-34,DE,133,FALSE,1,133.18,133,0.428592867326279,0,133,133,133,133,133,133,133,134,134,134,1.00120803312118,2011.25377755381,1956.29480038448,2021-12-31
"Independent by age, Reference: Week and day of week, Report: Day of week",2021-12-31,2021-11-24,15-34,DE,133,FALSE,1,133.2075,133,0.46642526332,0,133,133,133,133,133,133,133,134,134,134,0.999248021591321,1952.03479796463,1836.67507278269,2021-12-31
"Reference: Fixed, Report: Fixed",2021-12-31,2021-11-25,15-34,DE,128,FALSE,4,128.9335,129,1.03228414464121,1.4826,128,128,128,128,129,129,130,130,131,131,0.999818259281664,2191.30900413219,1924.47636128934,2021-12-31
"Reference: Fixed, Report: Day of week",2021-12-31,2021-11-25,15-34,DE,128,FALSE,4,128.221,128,0.474627891951062,0,128,128,128,128,128,128,128,129,129,129,0.99941897073071,2065.70143396461,2064.64292082953,2021-12-31
"Reference: Age, Report: Day of week",2021-12-31,2021-11-25,15-34,DE,128,FALSE,4,128.173,128,0.417322512021003,0,128,128,128,128,128,128,128,129,129,129,1.00254377298343,1791.85715695227,1828.56116785385,2021-12-31
"Reference: Age and week, Report: Day of week",2021-12-31,2021-11-25,15-34,DE,128,FALSE,4,128.166,128,0.408077521595856,0,128,128,128,128,128,128,128,129,129,129,0.999319610041769,1952.4062912579,1876.3146132779,2021-12-31
"Reference: Age and week by age, Report: Day of week",2021-12-31,2021-11-25,15-34,DE,128,FALSE,4,128.1805,128,0.426627185464884,0,128,128,128,128,128,128,128,129,129,129,0.99958664190789,1786.76725803901,1703.10596468289,2021-12-31
"Independent by age, Reference: Week, Report: Day of week",2021-12-31,2021-11-25,15-34,DE,128,FALSE,1,128.372,128,0.629932065546438,0,128,128,128,128,128,129,129,129,130,130,0.999905820862523,1910.15920630879,1912.48241398574,2021-12-31
"Independent by age, Reference: Week and day of week, Report: Day of week",2021-12-31,2021-11-25,15-34,DE,128,FALSE,1,128.368,128,0.624316334435294,0,128,128,128,128,128,129,129,129,130,130,1.00073742100994,1971.03765511787,1686.35223704275,2021-12-31
"Reference: Fixed, Report: Fixed",2021-12-31,2021-11-26,15-34,DE,133,FALSE,4,134.2755,134,1.1992993410549,1.4826,133,133,133,133,134,135,135,136,137,137,1.00031989378769,1992.46786466712,1961.11885983006,2021-12-31
"Reference: Fixed, Report: Day of week",2021-12-31,2021-11-26,15-34,DE,133,FALSE,4,133.364,133,0.612937065222003,0,133,133,133,133,133,134,134,134,135,135,1.00037548216733,2127.71250837337,1422.62854395082,2021-12-31
"Reference: Age, Report: Day of week",2021-12-31,2021-11-26,15-34,DE,133,FALSE,4,133.2885,133,0.535173761948153,0,133,133,133,133,133,134,134,134,134,135,0.999513956678443,2231.29630028971,2056.64058860172,2021-12-31
"Reference: Age and week, Report: Day of week",2021-12-31,2021-11-26,15-34,DE,133,FALSE,4,133.321,133,0.567556217506262,0,133,133,133,133,133,134,134,134,134,135,0.999616822721972,1792.05164634515,1712.51154797614,2021-12-31
"Reference: Age and week by age, Report: Day of week",2021-12-31,2021-11-26,15-34,DE,133,FALSE,4,133.3325,133,0.564892292079495,0,133,133,133,133,133,134,134,134,134,135,1.00062100020344,1894.37322141172,1930.30614790107,2021-12-31
"Independent by age, Reference: Week, Report: Day of week",2021-12-31,2021-11-26,15-34,DE,133,FALSE,1,133.556,133,0.769519382497946,0,133,133,133,133,133,134,134,135,135,135,0.999216024280008,1880.34315021619,1846.16329272276,2021-12-31
"Independent by age, Reference: Week and day of week, Report: Day of week",2021-12-31,2021-11-26,15-34,DE,133,FALSE,1,133.5825,133,0.784539037110567,0,133,133,133,133,133,134,134,135,135,135.025,0.999385887129894,1880.99867840203,1930.22839071545,2021-12-31
"Reference: Fixed, Report: Fixed",2021-12-31,2021-11-27,15-34,DE,113,FALSE,4,114.399,114,1.24642520348954,1.4826,113,113,113,113,114,115,115,116,117,117,0.999583662160937,2102.63803734916,1993.14054558668,2021-12-31
"Reference: Fixed, Report: Day of week",2021-12-31,2021-11-27,15-34,DE,113,FALSE,4,113.463,113,0.694890233215368,0,113,113,113,113,113,114,114,114,115,115,1.00088152663487,1917.6775421063,1974.6443273969,2021-12-31
"Reference: Age, Report: Day of week",2021-12-31,2021-11-27,15-34,DE,113,FALSE,4,113.3395,113,0.587718007405009,0,113,113,113,113,113,114,114,114,114,115,0.999980893150539,2000.34051658795,1813.75132377616,2021-12-31
"Reference: Age and week, Report: Day of week",2021-12-31,2021-11-27,15-34,DE,113,FALSE,4,113.346,113,0.589455451127931,0,113,113,113,113,113,114,114,114,114,115,1.0025715982464,1806.76734553778,1818.00248558978,2021-12-31
"Reference: Age and week by age, Report: Day of week",2021-12-31,2021-11-27,15-34,DE,113,FALSE,4,113.369,113,0.626126997907577,0,113,113,113,113,113,114,114,114,115,115,0.999533979563387,2016.00918248284,1964.2346646134,2021-12-31
"Independent by age, Reference: Week, Report: Day of week",2021-12-31,2021-11-27,15-34,DE,113,FALSE,1,113.657,113,0.838273434611635,0,113,113,113,113,113,114,114,115,115,116,1.0008677543899,1888.07356562334,1931.2363755053,2021-12-31
"Independent by age, Reference: Week and day of week, Report: Day of week",2021-12-31,2021-11-27,15-34,DE,113,FALSE,1,113.6535,113,0.822664049335471,0,113,113,113,113,113,114,114,115,115,116,1.0000507210249,1815.22758107852,1918.62158561885,2021-12-31
"Reference: Fixed, Report: Fixed",2021-12-31,2021-11-28,15-34,DE,69,FALSE,4,70.139,70,1.11772252899631,1.4826,69,69,69,69,70,71,71,72,72,73,1.00025474849514,1841.36744207554,1760.56569936661,2021-12-31
"Reference: Fixed, Report: Day of week",2021-12-31,2021-11-28,15-34,DE,69,FALSE,4,69.452,69,0.668520351021467,0,69,69,69,69,69,70,70,70,71,71,1.00096963031793,2022.07333672947,1813.38284848545,2021-12-31
"Reference: Age, Report: Day of week",2021-12-31,2021-11-28,15-34,DE,69,FALSE,4,69.354,69,0.59233388364575,0,69,69,69,69,69,70,70,70,70,71,1.00162813431224,2054.56762750593,1974.5934774258,2021-12-31
"Reference: Age and week, Report: Day of week",2021-12-31,2021-11-28,15-34,DE,69,FALSE,4,69.346,69,0.594525634741836,0,69,69,69,69,69,70,70,70,70,71,0.999865795795742,2112.26457118079,2029.1371985705,2021-12-31
"Reference: Age and week by age, Report: Day of week",2021-12-31,2021-11-28,15-34,DE,69,FALSE,4,69.389,69,0.617956256516174,0,69,69,69,69,69,70,70,70,71,71,0.999377097570269,1997.48456158844,1965.26443184415,2021-12-31
"Independent by age, Reference: Week, Report: Day of week",2021-12-31,2021-11-28,15-34,DE,69,FALSE,1,69.6245,69,0.815372409444324,0,69,69,69,69,69,70,70,71,71,72,0.999045246755635,1977.54268668092,1920.13055229948,2021-12-31
"Independent by age, Reference: Week and day of week, Report: Day of week",2021-12-31,2021-11-28,15-34,DE,69,FALSE,1,69.5015,69,0.733666738677529,0,69,69,69,69,69,70,70,70,71,71,1.00044604324026,2059.74787615462,2056.38479802349,2021-12-31
"Reference: Fixed, Report: Fixed",2021-12-31,2021-11-29,15-34,DE,58,FALSE,4,59.214,59,1.1317439737905,1.4826,58,58,58,58,59,60,60,61,61,62,0.999479866399523,1996.08517251424,1947.81255811607,2021-12-31
"Reference: Fixed, Report: Day of week",2021-12-31,2021-11-29,15-34,DE,58,FALSE,4,58.4885,58,0.705773907426594,0,58,58,58,58,58,59,59,59,60,60,1.00096934887632,1836.788517761,1799.56078668276,2021-12-31
"Reference: Age, Report: Day of week",2021-12-31,2021-11-29,15-34,DE,58,FALSE,4,58.3835,58,0.630576373868892,0,58,58,58,58,58,59,59,59,60,60,1.00017214459336,2047.25366395081,2006.71627610472,2021-12-31
"Reference: Age and week, Report: Day of week",2021-12-31,2021-11-29,15-34,DE,58,FALSE,4,58.417,58,0.647549735796537,0,58,58,58,58,58,59,59,59,60,60,1.00049993845511,1892.48641014015,1775.35087994299,2021-12-31
"Reference: Age and week by age, Report: Day of week",2021-12-31,2021-11-29,15-34,DE,58,FALSE,4,58.363,58,0.597837523790893,0,58,58,58,58,58,59,59,59,59,60,0.99924249847512,2068.78391739699,1873.47856921296,2021-12-31
"Independent by age, Reference: Week, Report: Day of week",2021-12-31,2021-11-29,15-34,DE,58,FALSE,1,58.619,58,0.814352862887241,0,58,58,58,58,58,59,59,60,60,61,1.00084825887143,1992.74765038207,1907.64120658555,2021-12-31
"Independent by age, Reference: Week and day of week, Report: Day of week",2021-12-31,2021-11-29,15-34,DE,58,FALSE,1,58.591,58,0.804389533286349,0,58,58,58,58,58,59,59,60,60,61,1.00015505585075,1884.00978778762,1820.33110146887,2021-12-31
"Reference: Fixed, Report: Fixed",2021-12-31,2021-11-30,15-34,DE,113,FALSE,4,115.044,115,1.4957214283735,1.4826,113,113,114,114,115,116,116,117,118,119,1.00023252801119,2018.78671519872,1933.71783043017,2021-12-31
"Reference: Fixed, Report: Day of week",2021-12-31,2021-11-30,15-34,DE,113,FALSE,4,113.872,114,0.965443960580059,1.4826,113,113,113,113,114,114,115,115,116,116,1.00061110086322,1975.2696263975,1822.75665706535,2021-12-31
"Reference: Age, Report: Day of week",2021-12-31,2021-11-30,15-34,DE,113,FALSE,4,113.715,114,0.853310652420774,1.4826,113,113,113,113,114,114,114,115,115,116,1.00058312219754,1849.32253140427,1864.01740271373,2021-12-31
"Reference: Age and week, Report: Day of week",2021-12-31,2021-11-30,15-34,DE,113,FALSE,4,113.7145,114,0.860441706314253,1.4826,113,113,113,113,114,114,114,115,115,116,0.999757620019874,1634.18201793492,1820.2829613919,2021-12-31
"Reference: Age and week by age, Report: Day of week",2021-12-31,2021-11-30,15-34,DE,113,FALSE,4,113.653,113,0.816041642308155,0,113,113,113,113,113,114,114,115,115,116,1.00036797023006,1534.10515582762,1281.40486804897,2021-12-31
"Independent by age, Reference: Week, Report: Day of week",2021-12-31,2021-11-30,15-34,DE,113,FALSE,1,114.1325,114,1.13074446340487,1.4826,113,113,113,113,114,115,115,116,116,117,1.00008408511502,2006.26751781699,2087.15235397957,2021-12-31
"Independent by age, Reference: Week and day of week, Report: Day of week",2021-12-31,2021-11-30,15-34,DE,113,FALSE,1,114.004,114,1.05571836710143,1.4826,113,113,113,113,114,115,115,115,116,117,0.999324986671333,1825.08463305486,1648.73735667107,2021-12-31
"Reference: Fixed, Report: Fixed",2021-12-31,2021-12-01,15-34,DE,133,FALSE,4,135.782,136,1.80335854755107,1.4826,133,133,134,134,136,137,137,138,139,140,1.00035258896872,1966.78949824743,1997.61959373375,2021-12-31
"Reference: Fixed, Report: Day of week",2021-12-31,2021-12-01,15-34,DE,133,FALSE,4,134.39,134,1.2031723949235,1.4826,133,133,133,133,134,135,135,136,137,137,0.999264344505794,1821.6588106143,1754.0707659659,2021-12-31
"Reference: Age, Report: Day of week",2021-12-31,2021-12-01,15-34,DE,133,FALSE,4,134.1765,134,1.07374308477683,1.4826,133,133,133,133,134,135,135,136,136,137,1.00025465419492,2046.05529679638,1961.7825240717,2021-12-31
"Reference: Age and week, Report: Day of week",2021-12-31,2021-12-01,15-34,DE,133,FALSE,4,134.061,134,1.05348655281331,1.4826,133,133,133,133,134,135,135,135,136,137,1.00090456840125,1931.45485988413,1947.74072152924,2021-12-31
"Reference: Age and week by age, Report: Day of week",2021-12-31,2021-12-01,15-34,DE,133,FALSE,4,134.0935,134,1.05892323102508,1.4826,133,133,133,133,134,135,135,136,136,137,0.999432700625731,2009.97933419848,2031.22820952074,2021-12-31
"Independent by age, Reference: Week, Report: Day of week",2021-12-31,2021-12-01,15-34,DE,133,FALSE,1,134.643,134,1.34701827348947,1.4826,133,133,133,134,134,135,136,136,137,138,1.0010494777867,2099.99249457355,2056.78913701628,2021-12-31
"Independent by age, Reference: Week and day of week, Report: Day of week",2021-12-31,2021-12-01,15-34,DE,133,FALSE,1,134.7415,135,1.41480690883762,1.4826,133,133,134,134,135,136,136,137,137,138,1.00020061146127,2050.05140917992,1926.28664761639,2021-12-31
"Reference: Fixed, Report: Fixed",2021-12-31,2021-12-02,15-34,DE,126,FALSE,4,129.381,129,1.98565112877429,1.4826,126,127,128,128,129,131,131,132,133,134,1.00122330467335,2047.83847300072,1896.90383164056,2021-12-31
"Reference: Fixed, Report: Day of week",2021-12-31,2021-12-02,15-34,DE,126,FALSE,4,127.8045,128,1.38644901472619,1.4826,126,126,127,127,128,129,129,130,130,131,1.00231469666076,2257.80379781601,1978.96373614018,2021-12-31
"Reference: Age, Report: Day of week",2021-12-31,2021-12-02,15-34,DE,126,FALSE,4,127.5985,127,1.2574133346466,1.4826,126,126,127,127,127,128,129,129,130,130,1.00048953144244,1700.76687996225,1803.58420409444,2021-12-31
"Reference: Age and week, Report: Day of week",2021-12-31,2021-12-02,15-34,DE,126,FALSE,4,127.4845,127,1.25161616381012,1.4826,126,126,126,127,127,128,128,129,130,130,0.999633483747912,2183.12010853531,2007.69468385377,2021-12-31
"Reference: Age and week by age, Report: Day of week",2021-12-31,2021-12-02,15-34,DE,126,FALSE,4,127.5785,127,1.24844585726785,1.4826,126,126,126,127,127,128,129,129,130,130,1.00161716900147,1661.63973540078,1656.28105039517,2021-12-31
"Independent by age, Reference: Week, Report: Day of week",2021-12-31,2021-12-02,15-34,DE,126,FALSE,1,128.1305,128,1.54714788669075,1.4826,126,126,127,127,128,129,129,130,131,132,1.00018344241164,2029.58969436376,1964.96710524636,2021-12-31
"Independent by age, Reference: Week and day of week, Report: Day of week",2021-12-31,2021-12-02,15-34,DE,126,FALSE,1,128.0535,128,1.52702444375521,1.4826,126,126,127,127,128,129,129,130,131,132,1.00056104581384,2008.58659535832,1884.1669906364,2021-12-31
"Reference: Fixed, Report: Fixed",2021-12-31,2021-12-03,15-34,DE,136,FALSE,4,140.7575,141,2.38254737959353,2.9652,137,137,139,139,141,142,143,144,145,146,0.999861724077762,1765.4247685214,1859.91108070588,2021-12-31
"Reference: Fixed, Report: Day of week",2021-12-31,2021-12-03,15-34,DE,136,FALSE,4,138.6085,138,1.60421772439206,1.4826,136,136,137,137,138,140,140,141,141,142,0.999362000873354,2135.54618717553,1768.91909451712,2021-12-31
"Reference: Age, Report: Day of week",2021-12-31,2021-12-03,15-34,DE,136,FALSE,4,137.9905,138,1.41683219074397,1.4826,136,136,137,137,138,139,139,140,141,141,0.999629805907261,2133.76485761064,2002.59252465505,2021-12-31
"Reference: Age and week, Report: Day of week",2021-12-31,2021-12-03,15-34,DE,136,FALSE,4,138.0855,138,1.50177142358761,1.4826,136,136,137,137,138,139,139,140,141,141,0.999305434866428,2016.26147545206,2030.71333050285,2021-12-31
"Reference: Age and week by age, Report: Day of week",2021-12-31,2021-12-03,15-34,DE,136,FALSE,4,138.1705,138,1.49014765040583,1.4826,136,136,137,137,138,139,139,140,141,142,1.00031908737254,2082.44288135053,2014.3588797333,2021-12-31
"Independent by age, Reference: Week, Report: Day of week",2021-12-31,2021-12-03,15-34,DE,136,FALSE,1,139.117,139,1.92097789629111,1.4826,136,136,137,138,139,140,141,142,143,144,1.00172715800976,1951.82233406233,1957.60772692075,2021-12-31
"Independent by age, Reference: Week and day of week, Report: Day of week",2021-12-31,2021-12-03,15-34,DE,136,FALSE,1,139.4195,139,2.03066037061109,1.4826,136,137,138,138,139,141,141,142,143,144,1.00049256231596,1787.83639674212,1966.69581611377,2021-12-31
"Reference: Fixed, Report: Fixed",2021-12-31,2021-12-04,15-34,DE,119,FALSE,4,123.782,124,2.42640056665319,2.9652,120,120,122,122,124,125,126,127,128,129,0.99954240094474,2087.70698482521,1901.81616314066,2021-12-31
"Reference: Fixed, Report: Day of week",2021-12-31,2021-12-04,15-34,DE,119,FALSE,4,121.7735,122,1.70870055269769,1.4826,119,119,120,121,122,123,123,124,125,126,1.00074713076439,2090.57318085181,1740.9460778647,2021-12-31
"Reference: Age, Report: Day of week",2021-12-31,2021-12-04,15-34,DE,119,FALSE,4,121.1085,121,1.51488454596177,1.4826,119,119,120,120,121,122,122,123,124,125,1.00086167826344,1886.94595611461,1995.01334535808,2021-12-31
"Reference: Age and week, Report: Day of week",2021-12-31,2021-12-04,15-34,DE,119,FALSE,4,121.1305,121,1.49384923696181,1.4826,119,119,120,120,121,122,122,123,124,124,0.999842658515007,1926.50213743334,1813.85912112973,2021-12-31
"Reference: Age and week by age, Report: Day of week",2021-12-31,2021-12-04,15-34,DE,119,FALSE,4,121.2535,121,1.50909788887902,1.4826,119,119,120,120,121,122,122,123,124,125,1.00129985309081,1958.84591468526,1813.09762626826,2021-12-31
"Independent by age, Reference: Week, Report: Day of week",2021-12-31,2021-12-04,15-34,DE,119,FALSE,1,122.2565,122,1.92732068751318,1.4826,119,120,121,121,122,123,124,125,126,127,0.999691800782857,1906.33146342643,1799.63071585807,2021-12-31
"Independent by age, Reference: Week and day of week, Report: Day of week",2021-12-31,2021-12-04,15-34,DE,119,FALSE,1,122.26,122,1.98931613609921,1.4826,119,119,121,121,122,123,124,125,126,127,1.00157389343826,1835.53155139084,1632.09352458453,2021-12-31
"Reference: Fixed, Report: Fixed",2021-12-31,2021-12-05,15-34,DE,81,FALSE,4,84.7455,84,2.09210855576487,1.4826,81,82,83,83,84,86,86,88,89,90,0.999284620228092,2108.50538632079,1698.09557986163,2021-12-31
"Reference: Fixed, Report: Day of week",2021-12-31,2021-12-05,15-34,DE,81,FALSE,4,83.4895,83,1.64476210169909,1.4826,81,81,82,82,83,84,85,86,86,87,0.999115149248813,1829.58352885017,1700.91582607428,2021-12-31
"Reference: Age, Report: Day of week",2021-12-31,2021-12-05,15-34,DE,81,FALSE,4,82.9195,83,1.44050591065754,1.4826,81,81,82,82,83,84,84,85,86,86,0.999367287898355,1983.59130650228,1834.16236414363,2021-12-31
"Reference: Age and week, Report: Day of week",2021-12-31,2021-12-05,15-34,DE,81,FALSE,4,82.7855,83,1.351074554281,1.4826,81,81,82,82,83,84,84,85,85,86,1.00111306543655,1691.52313233832,1934.19503884712,2021-12-31
"Reference: Age and week by age, Report: Day of week",2021-12-31,2021-12-05,15-34,DE,81,FALSE,4,82.6845,82,1.33148269725391,1.4826,81,81,82,82,82,83,84,85,85,86,1.00001252678616,1985.86042642858,1949.54440476607,2021-12-31
"Independent by age, Reference: Week, Report: Day of week",2021-12-31,2021-12-05,15-34,DE,81,FALSE,1,83.837,84,1.76096038874967,1.4826,81,81,82,83,84,85,85,86,87,88,1.00048707949096,2034.16147830821,1963.10786660432,2021-12-31
"Independent by age, Reference: Week and day of week, Report: Day of week",2021-12-31,2021-12-05,15-34,DE,81,FALSE,1,83.45,83,1.71900479602134,1.4826,81,81,82,82,83,84,85,86,87,87,1.0001800488785,2126.5594889045,1996.39120389407,2021-12-31
"Reference: Fixed, Report: Fixed",2021-12-31,2021-12-06,15-34,DE,48,FALSE,4,51.101,51,1.8658884666252,1.4826,48,48,49,50,51,52,53,54,54,55,1.00069117275188,1967.81455481888,1972.16416390668,2021-12-31
"Reference: Fixed, Report: Day of week",2021-12-31,2021-12-06,15-34,DE,48,FALSE,4,49.887,50,1.41535600338154,1.4826,48,48,49,49,50,51,51,52,52,53,1.00088416923316,2166.97220674868,2060.903470448,2021-12-31
"Reference: Age, Report: Day of week",2021-12-31,2021-12-06,15-34,DE,48,FALSE,4,49.479,49,1.26978942450758,1.4826,48,48,48,49,49,50,50,51,52,52,1.00116292867697,2021.21652619803,1861.98103445862,2021-12-31
"Reference: Age and week, Report: Day of week",2021-12-31,2021-12-06,15-34,DE,48,FALSE,4,49.3025,49,1.16990516241468,1.4826,48,48,48,48,49,50,50,51,51,52,1.00087776210361,1718.47756389101,1940.68016160199,2021-12-31
"Reference: Age and week by age, Report: Day of week",2021-12-31,2021-12-06,15-34,DE,48,FALSE,4,49.3235,49,1.18808818139201,1.4826,48,48,48,48,49,50,50,51,51,52,0.999787649023785,1685.6646997692,1941.51468456563,2021-12-31
"Independent by age, Reference: Week, Report: Day of week",2021-12-31,2021-12-06,15-34,DE,48,FALSE,1,50.0645,50,1.5117812312784,1.4826,48,48,49,49,50,51,51,52,53,53,0.999277335083787,2147.79295374635,1934.15102839466,2021-12-31
"Independent by age, Reference: Week and day of week, Report: Day of week",2021-12-31,2021-12-06,15-34,DE,48,FALSE,1,49.982,50,1.50692116771344,1.4826,48,48,49,49,50,51,51,52,53,53,1.00020717251961,1773.65275262555,1716.30995588602,2021-12-31
"Reference: Fixed, Report: Fixed",2021-12-31,2021-12-07,15-34,DE,120,FALSE,4,125.1345,125,2.48021883968862,2.9652,121,121,123,123,125,127,127,128,130,131,1.00138966458475,1968.44063516436,2062.2853110858,2021-12-31
"Reference: Fixed, Report: Day of week",2021-12-31,2021-12-07,15-34,DE,120,FALSE,4,123.4325,123,1.92829014970536,1.4826,120,121,122,122,123,125,125,126,127,128,1.00036467886443,1840.68090391187,1988.49124434099,2021-12-31
"Reference: Age, Report: Day of week",2021-12-31,2021-12-07,15-34,DE,120,FALSE,4,122.76,123,1.71285344774932,1.4826,120,120,121,122,123,124,124,125,126,127,0.999561770770575,2009.03790696996,1632.86575267977,2021-12-31
"Reference: Age and week, Report: Day of week",2021-12-31,2021-12-07,15-34,DE,120,FALSE,4,122.5045,122,1.6143986160319,1.4826,120,120,121,121,122,123,124,125,125,126,1.00051219959982,1991.43759462583,1804.03335221968,2021-12-31
"Reference: Age and week by age, Report: Day of week",2021-12-31,2021-12-07,15-34,DE,120,FALSE,4,122.733,123,1.6667633455368,1.4826,120,120,121,122,123,124,124,125,126,126,1.00058794004881,1821.08050649441,1799.74839981559,2021-12-31
"Independent by age, Reference: Week, Report: Day of week",2021-12-31,2021-12-07,15-34,DE,120,FALSE,1,123.82,124,2.09756999882006,1.4826,121,121,122,122,124,125,125,127,127,129,1.00201276082825,2029.8551537946,1523.52009959164,2021-12-31
"Independent by age, Reference: Week and day of week, Report: Day of week",2021-12-31,2021-12-07,15-34,DE,120,FALSE,1,123.573,123,2.05250514949277,1.4826,120,121,122,122,123,125,125,126,127,128,1.0004378687898,2021.52850113406,2001.21633237033,2021-12-31
"Reference: Fixed, Report: Fixed",2021-12-31,2021-12-08,15-34,DE,142,FALSE,4,150.1495,150,3.26274002737624,2.9652,145,145,147,148,150,152,153,154,156,157,1.00260329369768,2259.12758973933,2030.77225920549,2021-12-31
"Reference: Fixed, Report: Day of week",2021-12-31,2021-12-08,15-34,DE,142,FALSE,4,147.5545,147,2.50442924294468,2.9652,143,144,145,146,147,149,150,151,152,153,0.999327674400971,2080.34695637177,1902.1736934096,2021-12-31
"Reference: Age, Report: Day of week",2021-12-31,2021-12-08,15-34,DE,142,FALSE,4,146.5155,146,2.26435938218867,1.4826,143,143,145,145,146,148,148,149,151,152,1.00126041143291,1787.73110679434,1978.35825455856,2021-12-31
"Reference: Age and week, Report: Day of week",2021-12-31,2021-12-08,15-34,DE,142,FALSE,4,146.511,146,2.22021252852873,1.4826,143,143,145,145,146,148,148,149,150,151,0.999803277724084,2046.29113011605,1851.70293911181,2021-12-31
"Reference: Age and week by age, Report: Day of week",2021-12-31,2021-12-08,15-34,DE,142,FALSE,4,146.7495,147,2.32087116649885,2.9652,143,143,145,145,147,148,149,150,151,152,1.00008587736256,1816.40953576898,1928.43252776656,2021-12-31
"Independent by age, Reference: Week, Report: Day of week",2021-12-31,2021-12-08,15-34,DE,142,FALSE,1,148.038,148,2.72052506482005,2.9652,144,144,146,146,148,150,150,152,153,154,1.00262774795364,1861.17527636537,1624.34358548748,2021-12-31
"Independent by age, Reference: Week and day of week, Report: Day of week",2021-12-31,2021-12-08,15-34,DE,142,FALSE,1,148.455,148,2.9259623421729,2.9652,144,144,146,146,148,150,151,152,154,155,0.999825433646808,1818.8449559056,2029.69781616727,2021-12-31
"Reference: Fixed, Report: Fixed",2021-12-31,2021-12-09,15-34,DE,145,FALSE,4,153.993,154,3.41713174968384,2.9652,148,149,151,152,154,156,157,158,160,161,1.00048296812501,2138.20860975311,1968.59262832156,2021-12-31
"Reference: Fixed, Report: Day of week",2021-12-31,2021-12-09,15-34,DE,145,FALSE,4,151.878,152,2.79195514053385,2.9652,147,148,150,150,152,154,154,155,157,158,1.00075460546788,2093.66171518565,1892.59041806893,2021-12-31
"Reference: Age, Report: Day of week",2021-12-31,2021-12-09,15-34,DE,145,FALSE,4,150.75,151,2.58357067228852,2.9652,146,147,149,149,151,152,153,154,155,156,1.00021604649509,2201.69843882229,1885.79435043766,2021-12-31
"Reference: Age and week, Report: Day of week",2021-12-31,2021-12-09,15-34,DE,145,FALSE,4,150.889,151,2.56592497659085,2.9652,147,147,149,149,151,152,153,154,155,156,0.999480743456983,1879.87879884306,1697.60668453284,2021-12-31
"Reference: Age and week by age, Report: Day of week",2021-12-31,2021-12-09,15-34,DE,145,FALSE,4,151.089,151,2.59835615868258,2.9652,147,147,149,149,151,153,153,155,156,157,1.00026205699173,2059.97163319741,1824.06201661873,2021-12-31
"Independent by age, Reference: Week, Report: Day of week",2021-12-31,2021-12-09,15-34,DE,145,FALSE,1,152.531,152,3.17664674496097,2.9652,147,148,150,150,152,154,155,157,158,159,1.00081180905655,1877.60331468042,1734.56772889573,2021-12-31
"Independent by age, Reference: Week and day of week, Report: Day of week",2021-12-31,2021-12-09,15-34,DE,145,FALSE,1,152.273,152,3.18017731642151,2.9652,147,148,150,150,152,154,155,156,158,160,1.00000982874548,2018.13233368249,1644.52038477535,2021-12-31
"Reference: Fixed, Report: Fixed",2021-12-31,2021-12-10,15-34,DE,132,FALSE,4,140.803,141,3.41145277044876,2.9652,135,136,138,138,141,143,143.2,145,147,148,1.00059410161815,2089.65644477993,1994.08275717663,2021-12-31
"Reference: Fixed, Report: Day of week",2021-12-31,2021-12-10,15-34,DE,132,FALSE,4,139.368,139,2.89460971163495,2.9652,134,135,137,137,139,141,142,143,144,145,1.00013445310168,1949.97696118264,1997.10373471975,2021-12-31
"Reference: Age, Report: Day of week",2021-12-31,2021-12-10,15-34,DE,132,FALSE,4,138.0765,138,2.55967257903348,2.9652,134,134,136,136,138,140,140,141,143,144,0.999754339249889,2078.31774214081,1721.32406626812,2021-12-31
"Reference: Age and week, Report: Day of week",2021-12-31,2021-12-10,15-34,DE,132,FALSE,4,137.9695,138,2.55202393466079,2.9652,134,134,136,136,138,140,140,141,143,143,1.00083630674945,2023.55556836723,1912.22352533111,2021-12-31
"Reference: Age and week by age, Report: Day of week",2021-12-31,2021-12-10,15-34,DE,132,FALSE,4,138.1115,138,2.57203721546148,2.9652,134,134,136,136,138,140,140,141,143,144,1.00092927590917,1956.01190663746,1997.13622314993,2021-12-31
"Independent by age, Reference: Week, Report: Day of week",2021-12-31,2021-12-10,15-34,DE,132,FALSE,1,138.708,139,2.95331966582086,2.9652,134,134,136,137,139,141,141,143,144,145,1.00227560886859,1895.1876690599,1924.23366338087,2021-12-31
"Independent by age, Reference: Week and day of week, Report: Day of week",2021-12-31,2021-12-10,15-34,DE,132,FALSE,1,139.1605,139,3.09378821394684,2.9652,134,135,136,137,139,141,142,143,145,146,0.999752157893017,1732.7380607035,1894.74008494455,2021-12-31
"Reference: Fixed, Report: Fixed",2021-12-31,2021-12-11,15-34,DE,88,FALSE,4,94.944,95,2.98618865132976,2.9652,90,90,92,93,95,97,97,99,100,102,1.00078800651241,1859.43521306201,1969.35689616725,2021-12-31
"Reference: Fixed, Report: Day of week",2021-12-31,2021-12-11,15-34,DE,88,FALSE,4,94.0395,94,2.62152168367324,2.9652,90,90,92,92,94,96,96,98,99,100,1.00081442076584,1940.38523193555,1932.65848191321,2021-12-31
"Reference: Age, Report: Day of week",2021-12-31,2021-12-11,15-34,DE,88,FALSE,4,93.0725,93,2.32549945686124,2.9652,89,90,91,91,93,95,95,96,97,98,0.999892012498028,1979.6731846233,1811.12811433009,2021-12-31
"Reference: Age and week, Report: Day of week",2021-12-31,2021-12-11,15-34,DE,88,FALSE,4,92.6555,92,2.27209175661443,1.4826,89,89,91,91,92,94,94,96,97,98,1.00061056196777,2156.17779130957,2004.92257519822,2021-12-31
"Reference: Age and week by age, Report: Day of week",2021-12-31,2021-12-11,15-34,DE,88,FALSE,4,92.8355,93,2.28123689495095,2.9652,89,89,91,91,93,94,95,96,97,98,0.99940958690457,1827.51690782452,1778.80067410885,2021-12-31
"Independent by age, Reference: Week, Report: Day of week",2021-12-31,2021-12-11,15-34,DE,88,FALSE,1,93.6235,93,2.64333905708014,2.9652,89,90,91,92,93,95,96,97,98,99,0.999559289722803,2178.72166167962,1830.6436468861,2021-12-31
"Independent by age, Reference: Week and day of week, Report: Day of week",2021-12-31,2021-12-11,15-34,DE,88,FALSE,1,93.492,93,2.65865948085075,2.9652,89,90,91,92,93,95,96,97,98,99,1.00106301811579,1934.45969041273,1804.5447342642,2021-12-31
"Reference: Fixed, Report: Fixed",2021-12-31,2021-12-12,15-34,DE,72,FALSE,4,78.1905,78,2.81214577003326,2.9652,74,74,76,76,78,80,80,82,83,84,0.999855616389035,1661.22677270243,2026.14161718247,2021-12-31
"Reference: Fixed, Report: Day of week",2021-12-31,2021-12-12,15-34,DE,72,FALSE,4,78.0465,78,2.55902560675504,2.9652,74,74,76,76,78,80,80,82,82,83,0.99957373631958,2339.95881007766,2060.29478392182,2021-12-31
"Reference: Age, Report: Day of week",2021-12-31,2021-12-12,15-34,DE,72,FALSE,4,77.055,77,2.3629995521459,2.9652,73,74,75,75,77,79,79,80,81,82,1.00099124795098,2229.49888783403,1990.60050963456,2021-12-31
"Reference: Age and week, Report: Day of week",2021-12-31,2021-12-12,15-34,DE,72,FALSE,4,76.304,76,2.18608634018498,1.4826,73,73,74,75,76,78,78,79,80,81,1.00021367507228,2003.47857682297,1877.75539158983,2021-12-31
"Reference: Age and week by age, Report: Day of week",2021-12-31,2021-12-12,15-34,DE,72,FALSE,4,76.332,76,2.19161529215198,1.4826,73,73,74,75,76,78,78,79,80,81,0.999813134856322,2192.08078383275,1969.25821886117,2021-12-31
"Independent by age, Reference: Week, Report: Day of week",2021-12-31,2021-12-12,15-34,DE,72,FALSE,1,77.5135,77,2.57995074040406,2.9652,73,74,75,76,77,79,79.2000000000001,81,82,83,1.00238362307272,1749.92353107053,1625.94249611512,2021-12-31
"Independent by age, Reference: Week and day of week, Report: Day of week",2021-12-31,2021-12-12,15-34,DE,72,FALSE,1,76.729,76,2.5557435146071,2.9652,73,73,75,75,76,78,79,80,81,83,0.999959456795925,1970.19296880171,1856.12492559148,2021-12-31
"Reference: Fixed, Report: Fixed",2021-12-31,2021-12-13,15-34,DE,37,FALSE,4,42.527,42,2.73788586495214,2.9652,38,39,40,41,42,44,45,46,48,49,1.00044822369449,1985.1434480268,1972.57427696977,2021-12-31
"Reference: Fixed, Report: Day of week",2021-12-31,2021-12-13,15-34,DE,37,FALSE,4,41.406,41,2.25936193607379,1.4826,38,38,40,40,41,43,43,44,46,46,1.0003972110857,1912.16059928534,1812.17935632137,2021-12-31
"Reference: Age, Report: Day of week",2021-12-31,2021-12-13,15-34,DE,37,FALSE,4,40.7315,40,2.0658028755814,1.4826,37,38,39,39,40,42,42,44,44,45,0.999682605525299,2090.31106133778,1919.6051944605,2021-12-31
"Reference: Age and week, Report: Day of week",2021-12-31,2021-12-13,15-34,DE,37,FALSE,4,40.2645,40,1.87250978540787,1.4826,37,38,39,39,40,41,42,43,44,44,1.00251821919108,2055.34644243542,1964.67811000599,2021-12-31
"Reference: Age and week by age, Report: Day of week",2021-12-31,2021-12-13,15-34,DE,37,FALSE,4,40.071,40,1.8822142187282,1.4826,37,37,38,39,40,41,42,43,43.05,44,1.00108262866238,2165.13619577217,1871.44113927818,2021-12-31
"Independent by age, Reference: Week, Report: Day of week",2021-12-31,2021-12-13,15-34,DE,37,FALSE,1,40.8495,41,2.1123637921521,1.4826,37,38,39,39,41,42,42,44,45,46,1.00021462643219,1838.2597514361,1897.22305434885,2021-12-31
"Independent by age, Reference: Week and day of week, Report: Day of week",2021-12-31,2021-12-13,15-34,DE,37,FALSE,1,40.6545,40,2.14812405798274,1.4826,37,38,39,39,40,42,42,44,44.05,45,0.999476896507315,1911.83877706036,1979.79629572928,2021-12-31
"Reference: Fixed, Report: Fixed",2021-12-31,2021-12-14,15-34,DE,108,FALSE,4,117.399,117,3.60711860802028,2.9652,111,112,114,115,117,120,120,122,124,125,1.0002308939819,1818.43851227639,1689.8258530714,2021-12-31
"Reference: Fixed, Report: Day of week",2021-12-31,2021-12-14,15-34,DE,108,FALSE,4,116.167,116,3.06003151886516,2.9652,111,112,114,114,116,118,119,120,122,123,0.999877067083,2075.48968817024,1857.9388599849,2021-12-31
"Reference: Age, Report: Day of week",2021-12-31,2021-12-14,15-34,DE,108,FALSE,4,114.2305,114,2.65704717682053,2.9652,110,110,112,112,114,116,116,118,119,120,0.999701923253036,2072.8760633659,2027.08629417462,2021-12-31
"Reference: Age and week, Report: Day of week",2021-12-31,2021-12-14,15-34,DE,108,FALSE,4,114.502,114,2.78224126078538,2.9652,110,110,112,113,114,116,117,118,120,121,0.999607618294451,1885.5741970389,2032.26424100944,2021-12-31
"Reference: Age and week by age, Report: Day of week",2021-12-31,2021-12-14,15-34,DE,108,FALSE,4,114.226,114,2.68654662464346,2.9652,109.975,110,112,112,114,116,116.2,118,119,120,1.00186559705585,1944.1768288197,1713.45970727938,2021-12-31
"Independent by age, Reference: Week, Report: Day of week",2021-12-31,2021-12-14,15-34,DE,108,FALSE,1,115.073,115,2.93274129198995,2.9652,110,111,113,113,115,117,117,119,120,122,0.99987370158967,1766.81100617214,1626.29423301008,2021-12-31
"Independent by age, Reference: Week and day of week, Report: Day of week",2021-12-31,2021-12-14,15-34,DE,108,FALSE,1,114.5915,114,2.86665948768059,2.9652,110,110,112,113,114,116,117,118,120,121,1.00101108809661,1896.35367411897,1958.95062561997,2021-12-31
"Reference: Fixed, Report: Fixed",2021-12-31,2021-12-15,15-34,DE,104,FALSE,4,116.0325,116,4.29064663824547,4.4478,109,110,112,113,116,119,119,121.1,123,125,1.00047463064507,2174.74067863696,1748.65137455446,2021-12-31
"Reference: Fixed, Report: Day of week",2021-12-31,2021-12-15,15-34,DE,104,FALSE,4,114.1815,114,3.50052633075316,2.9652,108,109,111,112,114,116,117,119,120,122,1.00097035257857,2077.76845685549,1956.68642210956,2021-12-31
"Reference: Age, Report: Day of week",2021-12-31,2021-12-15,15-34,DE,104,FALSE,4,111.8855,112,2.98728165324897,2.9652,107,107,109,110,112,114,114,116,117,118,1.00091178116561,2078.22917115389,1879.66237114764,2021-12-31
"Reference: Age and week, Report: Day of week",2021-12-31,2021-12-15,15-34,DE,104,FALSE,4,112.4215,112,3.21185238575404,2.9652,107,108,110,110,112,114,115,117,118,120,1.00062326887403,1820.87585945686,1812.56500414365,2021-12-31
"Reference: Age and week by age, Report: Day of week",2021-12-31,2021-12-15,15-34,DE,104,FALSE,4,112.9585,113,3.2324916474951,2.9652,107,108,110,111,113,115,116,117,119,120,1.00005279564818,2069.86412761661,1911.80824920069,2021-12-31
"Independent by age, Reference: Week, Report: Day of week",2021-12-31,2021-12-15,15-34,DE,104,FALSE,1,112.882,113,3.4231469392189,2.9652,107,108,110,111,113,115,116,117,119,121,1.00008412280417,1631.44692219031,1876.52770300477,2021-12-31
"Independent by age, Reference: Week and day of week, Report: Day of week",2021-12-31,2021-12-15,15-34,DE,104,FALSE,1,113.3685,113,3.62798689281635,2.9652,107,108,110,111,113,116,116,118,120,121,1.00033643030801,1501.76794226789,2012.21377894683,2021-12-31
"Reference: Fixed, Report: Fixed",2021-12-31,2021-12-16,15-34,DE,113,FALSE,4,126.013,126,4.42081472145132,4.4478,118.975,119,122,123,126,129,130,132,134,135,1.00041681979716,2174.88012146625,1809.13597506601,2021-12-31
"Reference: Fixed, Report: Day of week",2021-12-31,2021-12-16,15-34,DE,113,FALSE,4,126.154,126,4.12065211913642,4.4478,119,120,123,123,126,129,129,132,133,135,1.00133048806472,1879.80187150536,1916.02464081434,2021-12-31
"Reference: Age, Report: Day of week",2021-12-31,2021-12-16,15-34,DE,113,FALSE,4,123.183,123,3.49279412582573,2.9652,117,118,120,121,123,126,126,128,129,131,1.00379104643399,2009.2064170787,1940.00696503664,2021-12-31
"Reference: Age and week, Report: Day of week",2021-12-31,2021-12-16,15-34,DE,113,FALSE,4,123.2905,123,3.53798932081728,2.9652,117,118,120,121,123,125,126,128,129.05,131,0.999772110496711,2071.54745467131,1721.79795224172,2021-12-31
"Reference: Age and week by age, Report: Day of week",2021-12-31,2021-12-16,15-34,DE,113,FALSE,4,124.1185,124,3.71649888093162,4.4478,118,118,121,121,124,127,127,129,131,132,1.00073910742,2178.57987799672,1989.53644908206,2021-12-31
"Independent by age, Reference: Week, Report: Day of week",2021-12-31,2021-12-16,15-34,DE,113,FALSE,1,124.61,124,3.9684725508933,4.4478,118,119,121,122,124,127,128,130,132,133,0.999270823963746,2021.05548351121,1958.94259460263,2021-12-31
"Independent by age, Reference: Week and day of week, Report: Day of week",2021-12-31,2021-12-16,15-34,DE,113,FALSE,1,124.263,124,4.14335790239676,4.4478,117,118,121,121,124,127,127,130,131,134,1.0012043832794,1747.93872007467,1822.79816465401,2021-12-31
"Reference: Fixed, Report: Fixed",2021-12-31,2021-12-17,15-34,DE,106,FALSE,4,120.6075,120,4.82940009759508,4.4478,113,113,117,117,120,123,124,127,129,132,0.999658977169883,2130.28641393986,2123.92330420683,2021-12-31
"Reference: Fixed, Report: Day of week",2021-12-31,2021-12-17,15-34,DE,106,FALSE,4,120.577,120,4.36790685628169,4.4478,113,114,117,117,120,123,124,126,128,130,1.00247378452277,1958.92845933534,1842.76312850882,2021-12-31
"Reference: Age, Report: Day of week",2021-12-31,2021-12-17,15-34,DE,106,FALSE,4,117.742,117,3.80363902531739,4.4478,111,112,115,115,117,120,121,123,124,126,1.00163475015144,2060.54899348675,1878.71316902567,2021-12-31
"Reference: Age and week, Report: Day of week",2021-12-31,2021-12-17,15-34,DE,106,FALSE,4,116.983,117,3.61417239780569,2.9652,110,111,114,115,117,119,120,122,123,125,1.0010032473551,2186.83303676731,1983.39029975794,2021-12-31
"Reference: Age and week by age, Report: Day of week",2021-12-31,2021-12-17,15-34,DE,106,FALSE,4,117.441,117,3.83677982684958,4.4478,111,112,114,115,117,120,121,122,124,126,0.999755705903866,2051.13994455982,2040.05729620661,2021-12-31
"Independent by age, Reference: Week, Report: Day of week",2021-12-31,2021-12-17,15-34,DE,106,FALSE,1,118.234,118,4.25961455510696,4.4478,111,112,115,115,118,121,122,124,126,127.025,1.00300636818699,1817.56377330953,1814.09983008102,2021-12-31
"Independent by age, Reference: Week and day of week, Report: Day of week",2021-12-31,2021-12-17,15-34,DE,106,FALSE,1,118.765,118,4.55215729825256,4.4478,111,112,115,116,118,122,122,125,127,129,1.00171734969091,1613.29872358748,1842.83291087928,2021-12-31
"Reference: Fixed, Report: Fixed",2021-12-31,2021-12-18,15-34,DE,84,FALSE,4,97.0365,97,4.47148351583859,4.4478,89,90,93,94,97,100,101,103,105,107,1.0001517051948,2114.12828321396,1933.87293002843,2021-12-31
"Reference: Fixed, Report: Day of week",2021-12-31,2021-12-18,15-34,DE,84,FALSE,4,98.3615,98,4.26320363137879,4.4478,91,92,95,95,98,101,102,104,106,107.025,0.999634070028763,2173.80125975758,1853.63515273843,2021-12-31
"Reference: Age, Report: Day of week",2021-12-31,2021-12-18,15-34,DE,84,FALSE,4,95.5725,95,3.92089664046792,4.4478,89,90,92,93,95,98,99,101,102,104.025,1.00104712201234,2304.13934718348,1861.29487116442,2021-12-31
"Reference: Age and week, Report: Day of week",2021-12-31,2021-12-18,15-34,DE,84,FALSE,4,94.067,94,3.53847020415502,2.9652,88,89,91,92,94,96,97,99,100,102,0.999996751849129,2169.03362207487,1955.09376720239,2021-12-31
"Reference: Age and week by age, Report: Day of week",2021-12-31,2021-12-18,15-34,DE,84,FALSE,4,94.2155,94,3.62555265663499,2.9652,88,89,91,92,94,97,97,99,101,102,1.00037650394785,2058.64166246828,1920.38096534065,2021-12-31
"Independent by age, Reference: Week, Report: Day of week",2021-12-31,2021-12-18,15-34,DE,84,FALSE,1,95.536,95,4.14901327493391,4.4478,88,89,92,93,95,98,99,101,103,104,1.00187868969838,1634.7048975737,1883.15770536373,2021-12-31
"Independent by age, Reference: Week and day of week, Report: Day of week",2021-12-31,2021-12-18,15-34,DE,84,FALSE,1,95.3085,95,4.0141480344179,4.4478,88,89,92,92,95,98,98,100,102,104,1.00285767111418,1730.75746655505,1913.10649473526,2021-12-31
"Reference: Fixed, Report: Fixed",2021-12-31,2021-12-19,15-34,DE,52,FALSE,4,62.3645,62,3.94923257975325,4.4478,56,57,59,59,62,65,65.2000000000001,68,69,71,1.00077709447987,2101.14613673839,1840.73172626135,2021-12-31
"Reference: Fixed, Report: Day of week",2021-12-31,2021-12-19,15-34,DE,52,FALSE,4,63.999,64,4.00774625132474,4.4478,57,58,60,61,64,67,67,69,71,72,1.00001163341895,2266.13415852741,2005.32343775512,2021-12-31
"Reference: Age, Report: Day of week",2021-12-31,2021-12-19,15-34,DE,52,FALSE,4,61.76,62,3.44983342718713,2.9652,56,56,59,59,62,64,64,66,68,69,1.00061063972816,2151.25349173309,1996.46860017443,2021-12-31
"Reference: Age and week, Report: Day of week",2021-12-31,2021-12-19,15-34,DE,52,FALSE,4,60.752,61,3.28510151227827,2.9652,55,56,58,58,61,63,63,65,66,67,1.00109751990913,1749.94544347155,1935.79158678476,2021-12-31
"Reference: Age and week by age, Report: Day of week",2021-12-31,2021-12-19,15-34,DE,52,FALSE,4,59.741,60,3.0531262322241,2.9652,54,55,57,58,60,62,62,64,65,66,1.00053191190898,2008.09711137762,1802.28159547237,2021-12-31
"Independent by age, Reference: Week, Report: Day of week",2021-12-31,2021-12-19,15-34,DE,52,FALSE,1,61.7275,61,3.8113655037928,4.4478,55,56,58,59,61,64,65,67,68,70,1.00148457366243,1715.27099592376,1882.24639756596,2021-12-31
"Independent by age, Reference: Week and day of week, Report: Day of week",2021-12-31,2021-12-19,15-34,DE,52,FALSE,1,60.5845,60,3.66245362199532,2.9652,55,55,57,58,60,63,64,66,67,68,1.00318955400708,1613.81865787883,1774.35381226534,2021-12-31
"Reference: Fixed, Report: Fixed",2021-12-31,2021-12-20,15-34,DE,39,FALSE,4,48.9975,49,3.97056374312504,4.4478,42,43,46,46,49,51,52,54,56,58,1.00035380406198,2135.37822683272,1954.19162377016,2021-12-31
"Reference: Fixed, Report: Day of week",2021-12-31,2021-12-20,15-34,DE,39,FALSE,4,49.1275,49,3.54817396970042,2.9652,43,44,46,47,49,51,52,54,55,57,0.999664761808901,2217.16457216033,1989.29859575369,2021-12-31
"Reference: Age, Report: Day of week",2021-12-31,2021-12-20,15-34,DE,39,FALSE,4,47.0475,47,3.21129256686073,2.9652,42,42,44,45,47,49,50,51,53,54,1.00112290235715,2161.01186369795,2056.88258549159,2021-12-31
"Reference: Age and week, Report: Day of week",2021-12-31,2021-12-20,15-34,DE,39,FALSE,4,47.22,47,3.33138846046769,2.9652,42,42,44,45,47,49,50,52,53,55,0.999761766991539,2103.65863498321,1708.55063978955,2021-12-31
"Reference: Age and week by age, Report: Day of week",2021-12-31,2021-12-20,15-34,DE,39,FALSE,4,45.8295,46,2.96914763338478,2.9652,41,42,43,44,46,48,48,50,51,53,1.00107393636131,2038.34666786639,1763.20583142531,2021-12-31
"Independent by age, Reference: Week, Report: Day of week",2021-12-31,2021-12-20,15-34,DE,39,FALSE,1,46.982,47,3.38384414543582,2.9652,41,42,44,45,47,49,50,52,53,54,0.999747710085579,2136.96444480029,1889.12450986162,2021-12-31
"Independent by age, Reference: Week and day of week, Report: Day of week",2021-12-31,2021-12-20,15-34,DE,39,FALSE,1,46.4995,46,3.24210662651444,2.9652,41,42,44,44,46,49,49,51,52,54,0.999909635103077,1622.17598184894,1795.77932383273,2021-12-31
"Reference: Fixed, Report: Fixed",2021-12-31,2021-12-21,15-34,DE,72,FALSE,4,86.9545,87,4.934835970225,4.4478,78,80,83,84,87,90,91,94,96,98,0.999772623013967,2464.61185009808,2065.56288119309,2021-12-31
"Reference: Fixed, Report: Day of week",2021-12-31,2021-12-21,15-34,DE,72,FALSE,4,86.6895,86,4.45567236880463,4.4478,79,80,83,84,86,90,90,93,95,96,0.999258067473083,2238.67078156708,1971.14711557865,2021-12-31
"Reference: Age, Report: Day of week",2021-12-31,2021-12-21,15-34,DE,72,FALSE,4,83.395,83,3.85543865255327,2.9652,77,78,80,81,83,86,86,89,90,92,1.00090951735694,2198.56146918416,1967.51825572717,2021-12-31
"Reference: Age and week, Report: Day of week",2021-12-31,2021-12-21,15-34,DE,72,FALSE,4,84.3445,84,4.07825156383332,4.4478,77,78,81,82,84,87,88,90,92,93,0.999848951966221,1878.38571336866,1932.8733827124,2021-12-31
"Reference: Age and week by age, Report: Day of week",2021-12-31,2021-12-21,15-34,DE,72,FALSE,4,83.793,84,4.00701623275284,4.4478,77,78,80,81,84,86,87,89,91,92,1.0008664616309,2020.09021338857,1937.01805423906,2021-12-31
"Independent by age, Reference: Week, Report: Day of week",2021-12-31,2021-12-21,15-34,DE,72,FALSE,1,83.088,83,4.07474634534341,4.4478,76,77,80,80,83,85,86,89,91,92,1.00044421935222,1992.96507473612,1996.86224862938,2021-12-31
"Independent by age, Reference: Week and day of week, Report: Day of week",2021-12-31,2021-12-21,15-34,DE,72,FALSE,1,82.552,82,3.90921180910989,4.4478,76,77,79,80,82,85,86,88,89,91,1.00075938174345,1949.99217608814,1832.82963371372,2021-12-31
"Reference: Fixed, Report: Fixed",2021-12-31,2021-12-22,15-34,DE,75,FALSE,4,94.267,94,6.12825331920705,5.9304,84,85,89,90,94,98,99,102.1,105,108,1.00168447347972,2276.22824167121,1914.11790998095,2021-12-31
"Reference: Fixed, Report: Day of week",2021-12-31,2021-12-22,15-34,DE,75,FALSE,4,94.0885,94,5.20184557139813,4.4478,85,86,90,91,94,97,98,101,103,105,1.00122737279179,1931.77915601756,1714.18721683308,2021-12-31
"Reference: Age, Report: Day of week",2021-12-31,2021-12-22,15-34,DE,75,FALSE,4,90.2105,90,4.61604199199227,4.4478,82,83,86,87,90,93,94,96,98,100,1.00010827851021,2098.51741784791,1576.81533972734,2021-12-31
"Reference: Age and week, Report: Day of week",2021-12-31,2021-12-22,15-34,DE,75,FALSE,4,90.557,90,4.79189233143421,4.4478,82,83,86,87,90,94,94,97,99,101,1.00149247002389,2123.37991355735,2085.92721128777,2021-12-31
"Reference: Age and week by age, Report: Day of week",2021-12-31,2021-12-22,15-34,DE,75,FALSE,4,92.175,92,5.12596456838888,4.4478,83,84,88,88.75,92,95,96,99,101,103,1.00100057768362,2155.78349447534,1772.41232988457,2021-12-31
"Independent by age, Reference: Week, Report: Day of week",2021-12-31,2021-12-22,15-34,DE,75,FALSE,1,89.7715,89,4.79580938359959,4.4478,81,82,86,86,89,93,94,96,98,100,1.00034528617822,1755.52193574972,2036.82577060038,2021-12-31
"Independent by age, Reference: Week and day of week, Report: Day of week",2021-12-31,2021-12-22,15-34,DE,75,FALSE,1,90.774,90,5.28629326165548,5.9304,82,83,86,87,90,94,95,98,100,102,0.999896345520031,1681.41693120769,1857.12345661288,2021-12-31
"Reference: Fixed, Report: Fixed",2021-12-31,2021-12-23,15-34,DE,80,FALSE,4,103.91,103,7.0136649298262,5.9304,92,93,98,99,103,108,109,113,117,120,1.00022436185087,2284.6489664039,1706.12663339873,2021-12-31
"Reference: Fixed, Report: Day of week",2021-12-31,2021-12-23,15-34,DE,80,FALSE,4,106.0155,106,6.45818192736187,5.9304,94,96,100.8,102,106,110,111,114,117,120,0.999834714560617,2055.19056419914,1855.27553834891,2021-12-31
"Reference: Age, Report: Day of week",2021-12-31,2021-12-23,15-34,DE,80,FALSE,4,101.401,101,5.78151467662048,5.9304,91,93,97,97,101,105,106,109,112,113.025,1.00198501154961,1865.70224957358,1691.63871094487,2021-12-31
"Reference: Age and week, Report: Day of week",2021-12-31,2021-12-23,15-34,DE,80,FALSE,4,100.301,100,5.56766543977138,5.9304,90.975,92,96,96,100,104,105,108,110,112,1.00003215055384,2216.61389614751,1977.73969345919,2021-12-31
"Reference: Age and week by age, Report: Day of week",2021-12-31,2021-12-23,15-34,DE,80,FALSE,4,102.36,102,6.04248755297965,5.9304,92,93,97,98,102,106,107,110,113,116,0.999575504286328,2108.51003125578,1907.09788807251,2021-12-31
"Independent by age, Reference: Week, Report: Day of week",2021-12-31,2021-12-23,15-34,DE,80,FALSE,1,100.951,100,5.95838486295469,5.9304,91,92,96,97,100,105,106,109,111,113,0.999726563402399,1956.94134722168,1589.39395957804,2021-12-31
"Independent by age, Reference: Week and day of week, Report: Day of week",2021-12-31,2021-12-23,15-34,DE,80,FALSE,1,100.188,100,6.12302226852479,5.9304,90,91,95,96,100,104,105,108,111,113,1.00046591000974,1598.71704760522,1810.03727106998,2021-12-31
"Reference: Fixed, Report: Fixed",2021-12-31,2021-12-24,15-34,DE,72,FALSE,4,95.608,95,7.04735188452316,7.413,84,85,90,90.75,95,100,101,105,108,111,1.00002283442941,2067.3507363546,1756.48768278607,2021-12-31
"Reference: Fixed, Report: Day of week",2021-12-31,2021-12-24,15-34,DE,72,FALSE,4,101.629,101,7.15625355772776,7.413,89,91,96,97,101,106,107,111,114,117,0.999612815730734,1854.73760245818,1906.16606063007,2021-12-31
"Reference: Age, Report: Day of week",2021-12-31,2021-12-24,15-34,DE,72,FALSE,4,96.313,96,6.26207935265192,5.9304,85,87,91,92,96,100,101,104,107,110,0.999999268090539,2193.08101191623,2011.99389493152,2021-12-31
"Reference: Age and week, Report: Day of week",2021-12-31,2021-12-24,15-34,DE,72,FALSE,4,93.8055,93,6.12661713090792,5.9304,84,85,88,89,93,98,99,102,105,108,0.99970799282671,2185.80697048877,1977.15024928349,2021-12-31
"Reference: Age and week by age, Report: Day of week",2021-12-31,2021-12-24,15-34,DE,72,FALSE,4,94.153,94,6.25588995104132,5.9304,83,85,89,90,94,98,99,102,106,108,1.00038226006647,1839.3936407289,1698.4517157128,2021-12-31
"Independent by age, Reference: Week, Report: Day of week",2021-12-31,2021-12-24,15-34,DE,72,FALSE,1,95.1415,95,6.9611569874053,7.413,83,85,89,90,95,100,101,105,107,110,1.00157516516751,2032.3876738962,1849.83963752126,2021-12-31
"Independent by age, Reference: Week and day of week, Report: Day of week",2021-12-31,2021-12-24,15-34,DE,72,FALSE,1,96.2195,96,7.58466105318134,7.413,83,85,90,91,96,101,102,106,109,113,1.00103370805583,1367.80284319522,1743.3935569268,2021-12-31
"Reference: Fixed, Report: Fixed",2021-12-31,2021-12-25,15-34,DE,35,FALSE,4,54.439,54,6.44329395717045,5.9304,43,45,49,50,54,58,60,63,66,68.0249999999999,1.00221014954973,2121.18379088257,1966.57086702686,2021-12-31
"Reference: Fixed, Report: Day of week",2021-12-31,2021-12-25,15-34,DE,35,FALSE,4,58.555,58,6.38281639815734,5.9304,47,49,53,54,58,63,64,67,70,73,0.999832519713027,2330.64476754048,1945.81250404188,2021-12-31
"Reference: Age, Report: Day of week",2021-12-31,2021-12-25,15-34,DE,35,FALSE,4,53.752,53,5.48356916299801,5.9304,44,46,49,50,53,57,58,61,64,66,1.00092239607035,2201.52654114239,1955.42253734914,2021-12-31
"Reference: Age and week, Report: Day of week",2021-12-31,2021-12-25,15-34,DE,35,FALSE,4,52.959,52,5.46042371190705,5.9304,44,45,48,49,52,56,58,60,63,65,1.00026890836888,1976.99176433956,1861.65727070107,2021-12-31
"Reference: Age and week by age, Report: Day of week",2021-12-31,2021-12-25,15-34,DE,35,FALSE,4,50.4095,50,5.32578555199822,5.9304,41,43,46,47,50,54,55,58,60,62,1.0030433661818,1730.53637851909,1905.84204501157,2021-12-31
"Independent by age, Reference: Week, Report: Day of week",2021-12-31,2021-12-25,15-34,DE,35,FALSE,1,53.2315,53,6.0116534945778,5.9304,43,44,48,49,53,57,58,61,64,66.0249999999999,1.000143337182,1901.07379869997,1907.93291967674,2021-12-31
"Independent by age, Reference: Week and day of week, Report: Day of week",2021-12-31,2021-12-25,15-34,DE,35,FALSE,1,53.045,53,5.97099668403026,5.9304,43,44,48,49,53,57,58,61,64,66,0.99987322417152,1785.18935139695,2064.77702167105,2021-12-31
"Reference: Fixed, Report: Fixed",2021-12-31,2021-12-26,15-34,DE,26,FALSE,4,45.449,45,6.75390306439926,5.9304,35,36,40,41,45,50,51,54,58,60,0.999670603118843,2261.17365310408,1805.03499609092,2021-12-31
"Reference: Fixed, Report: Day of week",2021-12-31,2021-12-26,15-34,DE,26,FALSE,4,45.4235,45,5.68474325743489,5.9304,36,37,41,41,45,49,50,53,55,57,0.999705970953031,2214.60578485547,1759.37689500884,2021-12-31
"Reference: Age, Report: Day of week",2021-12-31,2021-12-26,15-34,DE,26,FALSE,4,30.1855,30,2.50244297845729,2.9652,26,27,28,28,30,32,32,33,35,36,0.999739142190349,2030.48627189186,1800.50908536509,2021-12-31
"Reference: Age and week, Report: Day of week",2021-12-31,2021-12-26,15-34,DE,26,FALSE,4,32.879,32,4.58430659243759,4.4478,27,27,29,30,32,35,36,39,42,44,1.00704221958711,674.370803987782,966.733086055793,2021-12-31
"Reference: Age and week by age, Report: Day of week",2021-12-31,2021-12-26,15-34,DE,26,FALSE,4,31.9075,31,3.28851804396186,2.9652,27,27,29,30,31,34,34,36,38,40,1.00068803854289,1597.4312314825,1540.65301801113,2021-12-31
"Independent by age, Reference: Week, Report: Day of week",2021-12-31,2021-12-26,15-34,DE,26,FALSE,1,40.6255,40,5.27732648577087,4.4478,32,33,36,37,40,44,45,48,50,53,1.00226966962907,1987.84102286908,2039.59277773037,2021-12-31
"Independent by age, Reference: Week and day of week, Report: Day of week",2021-12-31,2021-12-26,15-34,DE,26,FALSE,1,38.812,38,4.7964736087609,4.4478,30,31.95,35,35,38,42,43,45,47,49.0249999999999,1.00000420347452,1446.71852630042,1840.35731987712,2021-12-31
"Reference: Fixed, Report: Fixed",2021-12-31,2021-12-27,15-34,DE,23,FALSE,4,47.2435,46,8.26646084715029,7.413,34,35,40,41,46,52,54,58,62,65,0.999622707073149,2313.62261878093,2079.90716151205,2021-12-31
"Reference: Fixed, Report: Day of week",2021-12-31,2021-12-27,15-34,DE,23,FALSE,4,43.896,43,6.09653736837083,5.9304,33,34,39,40,43,48,49,52,54,57,0.999933304386949,1932.38534593625,1615.64576416905,2021-12-31
"Reference: Age, Report: Day of week",2021-12-31,2021-12-27,15-34,DE,23,FALSE,4,27.4075,27,2.60150488445283,2.9652,23,24,25,26,27,29,29,31,32,34,0.999404907081391,2094.55030174931,1913.97923796953,2021-12-31
"Reference: Age and week, Report: Day of week",2021-12-31,2021-12-27,15-34,DE,23,FALSE,4,30.57,30,4.73870527294449,4.4478,24,25,27,27,30,33,34,37,40,42,1.00510362766351,729.378738836009,1418.76977732926,2021-12-31
"Reference: Age and week by age, Report: Day of week",2021-12-31,2021-12-27,15-34,DE,23,FALSE,4,28.8845,28,3.07390373826118,2.9652,24,24,26,27,28,31,31,33,34,36,1.00028033616724,1425.3101448929,1887.50451506983,2021-12-31
"Independent by age, Reference: Week, Report: Day of week",2021-12-31,2021-12-27,15-34,DE,23,FALSE,1,38.2185,38,5.51089309652807,5.9304,29,30,34,34,38,42,43,46,48,50,1.00037009150062,2253.43261533043,1828.42485774897,2021-12-31
"Independent by age, Reference: Week and day of week, Report: Day of week",2021-12-31,2021-12-27,15-34,DE,23,FALSE,1,37.22,37,5.16322858923875,4.4478,28,30,33,34,37,40,41,44,46,49,1.00066099292802,1494.83341097053,1828.26952116364,2021-12-31
"Reference: Fixed, Report: Fixed",2021-12-31,2021-12-28,15-34,DE,60,FALSE,4,104.7655,103,13.8565331705211,11.8608,82,85,93,95,103,112,114,123,131,137.025,0.999123914974895,2330.05730568198,1868.09891102951,2021-12-31
"Reference: Fixed, Report: Day of week",2021-12-31,2021-12-28,15-34,DE,60,FALSE,4,95.9695,95,8.41938315771281,8.8956,81,83,89,90,95,101,103,107,111,114,1.00160796911985,1768.13704136711,1925.0214572021,2021-12-31
"Reference: Age, Report: Day of week",2021-12-31,2021-12-28,15-34,DE,60,FALSE,4,68.9165,69,3.80890819537836,4.4478,63,63,66,66,69,71,72,74,76,78,0.999986534654525,1980.05993489006,1652.51002946206,2021-12-31
"Reference: Age and week, Report: Day of week",2021-12-31,2021-12-28,15-34,DE,60,FALSE,4,72.4625,71,6.79254466908689,5.9304,63,64,67,68,71,76,77,82,86,90,1.00906250082725,540.175055050275,1137.53891146642,2021-12-31
"Reference: Age and week by age, Report: Day of week",2021-12-31,2021-12-28,15-34,DE,60,FALSE,4,68.039,68,3.83338315502202,4.4478,62,63,65,65,68,70,71,73,75,77,1.00049059035337,1885.56929194715,1960.85844322639,2021-12-31
"Independent by age, Reference: Week, Report: Day of week",2021-12-31,2021-12-28,15-34,DE,60,FALSE,1,86.2605,86,7.80942592747113,7.413,73,75,80,81,86,91,93,96,100,103,0.999951181328866,2044.92885243561,1894.85502163089,2021-12-31
"Independent by age, Reference: Week and day of week, Report: Day of week",2021-12-31,2021-12-28,15-34,DE,60,FALSE,1,84.411,84,7.52657981435465,7.413,71,73,78,79,84,89,91,94,97.05,101,1.00150924931798,1762.33442399021,1661.79390650953,2021-12-31
"Reference: Fixed, Report: Fixed",2021-12-31,2021-12-29,15-34,DE,78,FALSE,4,152.773,150,22.1001058445241,20.7564,118,122,134,137,150,166,170,182.1,193,202.025,0.999717356004788,2411.44819390326,1919.71805385839,2021-12-31
"Reference: Fixed, Report: Day of week",2021-12-31,2021-12-29,15-34,DE,78,FALSE,4,141.9875,141,13.4207824828221,13.3434,118,121,131,133,141,150,153,159,165,172,1.00026376067504,2191.47884517541,1567.78271555856,2021-12-31
"Reference: Age, Report: Day of week",2021-12-31,2021-12-29,15-34,DE,78,FALSE,4,97.5965,97,6.74280508840572,5.9304,87,88,92,93,97,101,103,106,110,113,1.00030015381592,2115.89767377063,1945.13920885376,2021-12-31
"Reference: Age and week, Report: Day of week",2021-12-31,2021-12-29,15-34,DE,78,FALSE,4,99.9885,98,10.1811686877256,8.8956,86,88,92,93,98,105,107,114,120,126,1.00540280453836,889.134291682904,1167.94560139526,2021-12-31
"Reference: Age and week by age, Report: Day of week",2021-12-31,2021-12-29,15-34,DE,78,FALSE,4,93.047,92,6.96153880340084,5.9304,82,83,87,88,92,97,98,103,106,110,1.00148003622306,1080.39533140847,1712.56767300434,2021-12-31
"Independent by age, Reference: Week, Report: Day of week",2021-12-31,2021-12-29,15-34,DE,78,FALSE,1,126.6635,126,13.2925397707428,13.3434,104,107,115,117,126,135,137,144,151,156,1.00207459426747,2092.0341224668,1801.6006066642,2021-12-31
"Independent by age, Reference: Week and day of week, Report: Day of week",2021-12-31,2021-12-29,15-34,DE,78,FALSE,1,127.7365,127,14.1383879829837,13.3434,104,107,116,118,127,137,140,147,152,158,1.00218491779866,1646.29813618153,1591.49634316337,2021-12-31
"Reference: Fixed, Report: Fixed",2021-12-31,2021-12-30,15-34,DE,54,FALSE,4,155.455,150,33.1280803828856,29.652,106,111,128,132,150,174,179,201,215.05,233,1.00109892682203,2323.94764251708,1759.10771925367,2021-12-31
"Reference: Fixed, Report: Day of week",2021-12-31,2021-12-30,15-34,DE,54,FALSE,4,137.429,136,18.0298224131056,17.7912,106,110,122,125,136,148,152,161,169,177,1.00074284793675,2351.59845331444,1903.93630625907,2021-12-31
"Reference: Age, Report: Day of week",2021-12-31,2021-12-30,15-34,DE,54,FALSE,4,86.093,85,9.38788672751244,8.8956,70,72,78,79,85,92,94,98,102,107.025,0.999992427847312,2272.09024235664,1559.4183334449,2021-12-31
"Reference: Age and week, Report: Day of week",2021-12-31,2021-12-30,15-34,DE,54,FALSE,4,82.5545,81,11.553950693954,10.3782,66,68,73,74,81,88,90,98,105,111,1.00266231231446,1165.19360443263,1096.39338566418,2021-12-31
"Reference: Age and week by age, Report: Day of week",2021-12-31,2021-12-30,15-34,DE,54,FALSE,4,83.094,82,11.5909162135413,10.3782,65,67,73,75,82,90,92,98,104,109,1.00072108890417,1573.71299118373,1751.68367607677,2021-12-31
"Independent by age, Reference: Week, Report: Day of week",2021-12-31,2021-12-30,15-34,DE,54,FALSE,1,118.845,117,17.674760920216,16.3086,89,93,104,106,117,129,132,142,151,158,1.00093737905089,2428.2660376902,2027.50456401203,2021-12-31
"Independent by age, Reference: Week and day of week, Report: Day of week",2021-12-31,2021-12-30,15-34,DE,54,FALSE,1,116.638,115,17.7049905208863,17.7912,87.975,90.95,102,104,115,127,131,139,148,158.025,0.999977247737226,1971.38437941123,2040.28639981355,2021-12-31
"Reference: Fixed, Report: Fixed",2021-12-31,2021-12-31,15-34,DE,40,FALSE,4,181.9385,171,58.5903416256972,48.9258,99,107,136,142,171,210,221,257,286,328.025,1.00096972286003,2068.18055274508,2004.50663945924,2021-12-31
"Reference: Fixed, Report: Day of week",2021-12-31,2021-12-31,15-34,DE,40,FALSE,4,156.6525,153,31.5822491754702,31.1346,107,113,130,134,153,175,180,197.1,215,230.025,0.999419710497894,3309.2063385382,1765.55036840954,2021-12-31
"Reference: Age, Report: Day of week",2021-12-31,2021-12-31,15-34,DE,40,FALSE,4,101.6775,99,18.9297824097648,17.7912,71.975,75,86,88,99,112,115.2,126,136,147,1.00197729445211,2030.89547361991,1803.69527572421,2021-12-31
"Reference: Age and week, Report: Day of week",2021-12-31,2021-12-31,15-34,DE,40,FALSE,4,92.452,90,18.0872405340082,17.7912,64,67,77,80,90,103,107,117,126,133.025,1.00275294700947,1719.22138339224,1810.99086510816,2021-12-31
"Reference: Age and week by age, Report: Day of week",2021-12-31,2021-12-31,15-34,DE,40,FALSE,4,109.515,106,25.6651539068546,23.7216,70,75,88,91,106,123,128,143,155,171.025,1.00021741678628,1668.50251499963,1368.80660084248,2021-12-31
"Independent by age, Reference: Week, Report: Day of week",2021-12-31,2021-12-31,15-34,DE,40,FALSE,1,132.763,128,34.9417271059485,31.1346,81,86,104,108,128,152,158.2,177,196,218,1.00055878421689,2479.91245102435,1915.6545830764,2021-12-31
"Independent by age, Reference: Week and day of week, Report: Day of week",2021-12-31,2021-12-31,15-34,DE,40,FALSE,1,135.0515,131,37.0245899083155,31.1346,79.975,86,105,110,131,153,159,181,204,227.025,1.0028267402069,2138.94752721415,1597.07865382395,2021-12-31
"Reference: Fixed, Report: Fixed",2021-12-31,2021-11-22,35-59,DE,193,FALSE,5,193,193,0,0,193,193,193,193,193,193,193,193,193,193,,,,2021-12-31
"Reference: Fixed, Report: Day of week",2021-12-31,2021-11-22,35-59,DE,193,FALSE,5,193,193,0,0,193,193,193,193,193,193,193,193,193,193,,,,2021-12-31
"Reference: Age, Report: Day of week",2021-12-31,2021-11-22,35-59,DE,193,FALSE,5,193,193,0,0,193,193,193,193,193,193,193,193,193,193,,,,2021-12-31
"Reference: Age and week, Report: Day of week",2021-12-31,2021-11-22,35-59,DE,193,FALSE,5,193,193,0,0,193,193,193,193,193,193,193,193,193,193,,,,2021-12-31
"Reference: Age and week by age, Report: Day of week",2021-12-31,2021-11-22,35-59,DE,193,FALSE,5,193,193,0,0,193,193,193,193,193,193,193,193,193,193,,,,2021-12-31
"Independent by age, Reference: Week, Report: Day of week",2021-12-31,2021-11-22,35-59,DE,193,FALSE,1,193,193,0,0,193,193,193,193,193,193,193,193,193,193,,,,2021-12-31
"Independent by age, Reference: Week and day of week, Report: Day of week",2021-12-31,2021-11-22,35-59,DE,193,FALSE,1,193,193,0,0,193,193,193,193,193,193,193,193,193,193,,,,2021-12-31
"Reference: Fixed, Report: Fixed",2021-12-31,2021-11-23,35-59,DE,355,FALSE,5,355.744,355,0.970017766452562,0,355,355,355,355,355,356,356,357,358,358,0.999294943300398,1891.2181246308,1805.3349431241,2021-12-31
"Reference: Fixed, Report: Day of week",2021-12-31,2021-11-23,35-59,DE,355,FALSE,5,355.09,355,0.296553489249398,0,355,355,355,355,355,355,355,355,356,356,0.999580278646849,1942.66624624362,1985.93773099198,2021-12-31
"Reference: Age, Report: Day of week",2021-12-31,2021-11-23,35-59,DE,355,FALSE,5,355.054,355,0.23687983457444,0,355,355,355,355,355,355,355,355,356,356,0.99968280468655,1863.34548594717,1863.37582685727,2021-12-31
"Reference: Age and week, Report: Day of week",2021-12-31,2021-11-23,35-59,DE,355,FALSE,5,355.0665,355,0.260982386192922,0,355,355,355,355,355,355,355,355,356,356,1.00075186964037,1949.04267276782,1969.35552725819,2021-12-31
"Reference: Age and week by age, Report: Day of week",2021-12-31,2021-11-23,35-59,DE,355,FALSE,5,355.0565,355,0.23523481398138,0,355,355,355,355,355,355,355,355,356,356,0.999332295258738,2070.34669629986,2010.74723606092,2021-12-31
"Independent by age, Reference: Week, Report: Day of week",2021-12-31,2021-11-23,35-59,DE,355,FALSE,1,355.0305,355,0.177723219561727,0,355,355,355,355,355,355,355,355,355,356,0.999747719643506,2062.21066863318,2060.09993812682,2021-12-31
"Independent by age, Reference: Week and day of week, Report: Day of week",2021-12-31,2021-11-23,35-59,DE,355,FALSE,1,355.0115,355,0.106646316009317,0,355,355,355,355,355,355,355,355,355,355,0.999512396894708,2052.85432877356,2052.85432877356,2021-12-31
"Reference: Fixed, Report: Fixed",2021-12-31,2021-11-24,35-59,DE,455,FALSE,5,457.2115,457,1.81560346936741,1.4826,455,455,456,456,457,458,459,460,461,462,1.00074259515845,1977.06646759151,1761.14089294393,2021-12-31
"Reference: Fixed, Report: Day of week",2021-12-31,2021-11-24,35-59,DE,455,FALSE,5,455.399,455,0.633245212970359,0,455,455,455,455,455,456,456,456,457,457,1.00032286294158,2033.4054818486,2029.44279890874,2021-12-31
"Reference: Age, Report: Day of week",2021-12-31,2021-11-24,35-59,DE,455,FALSE,5,455.292,455,0.552167043766749,0,455,455,455,455,455,455,456,456,456,457,0.999420218330601,1838.75321375114,1792.98682558246,2021-12-31
"Reference: Age and week, Report: Day of week",2021-12-31,2021-11-24,35-59,DE,455,FALSE,5,455.26,455,0.518202920807638,0,455,455,455,455,455,455,456,456,456,457,1.00010733391668,1856.90163191232,1928.6118527973,2021-12-31
"Reference: Age and week by age, Report: Day of week",2021-12-31,2021-11-24,35-59,DE,455,FALSE,5,455.3075,455,0.557762762874885,0,455,455,455,455,455,456,456,456,456,457,1.00006691608055,2001.38444861671,1949.68679831913,2021-12-31
"Independent by age, Reference: Week, Report: Day of week",2021-12-31,2021-11-24,35-59,DE,455,FALSE,1,455.1555,455,0.39924860641568,0,455,455,455,455,455,455,455,456,456,456,0.999975819054496,1929.78185627888,1919.15807860131,2021-12-31
"Independent by age, Reference: Week and day of week, Report: Day of week",2021-12-31,2021-11-24,35-59,DE,455,FALSE,1,455.0875,455,0.289630269216502,0,455,455,455,455,455,455,455,455,456,456,1.00081160208523,1934.93766962837,1907.67199349275,2021-12-31
"Reference: Fixed, Report: Fixed",2021-12-31,2021-11-25,35-59,DE,471,FALSE,5,474.411,474,2.15508728375449,1.4826,471,471,473,473,474,476,476,477,478,479,1.00029128163535,1660.36533722622,1977.19544429474,2021-12-31
"Reference: Fixed, Report: Day of week",2021-12-31,2021-11-25,35-59,DE,471,FALSE,5,471.778,472,0.884933643713973,1.4826,471,471,471,471,472,472,472,473,473,474,1.00008750050511,1911.23182385038,1837.2477164718,2021-12-31
"Reference: Age, Report: Day of week",2021-12-31,2021-11-25,35-59,DE,471,FALSE,5,471.606,471,0.785539646528509,0,471,471,471,471,471,472,472,473,473,474,0.999184716997459,2069.45816096141,1963.56214225141,2021-12-31
"Reference: Age and week, Report: Day of week",2021-12-31,2021-11-25,35-59,DE,471,FALSE,5,471.5825,471,0.740586243453115,0,471,471,471,471,471,472,472,473,473,473,0.999210598814481,1985.6553041168,1845.47177075023,2021-12-31
"Reference: Age and week by age, Report: Day of week",2021-12-31,2021-11-25,35-59,DE,471,FALSE,5,471.664,471,0.819414254122986,0,471,471,471,471,471,472,472,473,473,474,1.00015019029479,1959.2644045234,1949.27488700863,2021-12-31
"Independent by age, Reference: Week, Report: Day of week",2021-12-31,2021-11-25,35-59,DE,471,FALSE,1,471.3635,471,0.598787962063163,0,471,471,471,471,471,472,472,472,472,473,0.999421969218332,2128.64934306059,1985.70353144399,2021-12-31
"Independent by age, Reference: Week and day of week, Report: Day of week",2021-12-31,2021-11-25,35-59,DE,471,FALSE,1,471.1935,471,0.442894827147436,0,471,471,471,471,471,471,471,472,472,472,0.999204438419593,2046.87058985845,1960.95618664203,2021-12-31
"Reference: Fixed, Report: Fixed",2021-12-31,2021-11-26,35-59,DE,451,FALSE,5,455.8615,456,2.64117505153036,2.9652,452,452,454,454,456,457,458,459,461,462,1.00201588526287,1832.63645783866,1905.9675598185,2021-12-31
"Reference: Fixed, Report: Day of week",2021-12-31,2021-11-26,35-59,DE,451,FALSE,5,452.317,452,1.14156146627794,1.4826,451,451,451,451,452,453,453,454,454,455,1.00034593623633,1853.79538839182,1681.06754482388,2021-12-31
"Reference: Age, Report: Day of week",2021-12-31,2021-11-26,35-59,DE,451,FALSE,5,452.1385,452,1.06154660311985,1.4826,451,451,451,451,452,453,453,454,454,455,1.00276252070327,1948.83862163811,1799.82382383258,2021-12-31
"Reference: Age and week, Report: Day of week",2021-12-31,2021-11-26,35-59,DE,451,FALSE,5,452.069,452,1.07229375963561,1.4826,451,451,451,451,452,453,453,453,454,455,1.00088264297321,1806.86965063691,1741.3051135173,2021-12-31
"Reference: Age and week by age, Report: Day of week",2021-12-31,2021-11-26,35-59,DE,451,FALSE,5,452.1425,452,1.07878433332103,1.4826,451,451,451,451,452,453,453,454,454,455,0.999732796926302,1668.89164673727,1788.44828629003,2021-12-31
"Independent by age, Reference: Week, Report: Day of week",2021-12-31,2021-11-26,35-59,DE,451,FALSE,1,451.674,451,0.840879027428669,0,451,451,451,451,451,452,452,453,453,454,0.999963537981113,1942.59404180952,1750.66851065515,2021-12-31
"Independent by age, Reference: Week and day of week, Report: Day of week",2021-12-31,2021-11-26,35-59,DE,451,FALSE,1,451.4,451,0.659710246096271,0,451,451,451,451,451,452,452,452,453,453,0.999559547077389,2066.83269101076,1973.39567019663,2021-12-31
"Reference: Fixed, Report: Fixed",2021-12-31,2021-11-27,35-59,DE,388,FALSE,5,393.5855,393,2.8558304630732,2.9652,389,389.95,391,392,393,395,396,397,399,400,0.999980898713853,1947.3044595171,1793.59189967665,2021-12-31
"Reference: Fixed, Report: Day of week",2021-12-31,2021-11-27,35-59,DE,388,FALSE,5,389.7845,390,1.38817263394393,1.4826,388,388,389,389,390,391,391,392,392,393,0.999933792486529,2007.24003851451,1987.8620252515,2021-12-31
"Reference: Age, Report: Day of week",2021-12-31,2021-11-27,35-59,DE,388,FALSE,5,389.3735,389,1.18941376423483,1.4826,388,388,388,388,389,390,390,391,391.05,392,1.00128397691797,2048.29475803027,2006.57545627542,2021-12-31
"Reference: Age and week, Report: Day of week",2021-12-31,2021-11-27,35-59,DE,388,FALSE,5,389.3365,389,1.15409432753932,1.4826,388,388,388,388,389,390,390,391,391,392,0.99999618703377,2078.42470908037,1663.40721422695,2021-12-31
"Reference: Age and week by age, Report: Day of week",2021-12-31,2021-11-27,35-59,DE,388,FALSE,5,389.3855,389,1.16213812970587,1.4826,388,388,388,389,389,390,390,391,392,392,0.999428703332072,1927.49113637907,2000.91891729572,2021-12-31
"Independent by age, Reference: Week, Report: Day of week",2021-12-31,2021-11-27,35-59,DE,388,FALSE,1,388.9755,389,1.01804614776516,1.4826,388,388,388,388,389,390,390,390,391,391,0.999755526683612,1798.2924037754,1828.63296681352,2021-12-31
"Independent by age, Reference: Week and day of week, Report: Day of week",2021-12-31,2021-11-27,35-59,DE,388,FALSE,1,388.5275,388,0.756657131736366,0,388,388,388,388,388,389,389,390,390,390,0.999788266804042,2014.60445859002,1930.79423272129,2021-12-31
"Reference: Fixed, Report: Fixed",2021-12-31,2021-11-28,35-59,DE,259,FALSE,5,263.7245,263,2.50314454562819,2.9652,260,260,262,262,263,265,266,267,268,269,1.00045757156828,2005.49316641695,1860.50668231009,2021-12-31
"Reference: Fixed, Report: Day of week",2021-12-31,2021-11-28,35-59,DE,259,FALSE,5,260.764,261,1.35285590864466,1.4826,259,259,260,260,261,262,262,263,263,264,0.999562454492932,1877.8429396833,1620.07416129835,2021-12-31
"Reference: Age, Report: Day of week",2021-12-31,2021-11-28,35-59,DE,259,FALSE,5,260.3545,260,1.18301712361123,1.4826,259,259,259,259,260,261,261,262,262,263,0.999382932753719,2020.58081586776,2007.81356263877,2021-12-31
"Reference: Age and week, Report: Day of week",2021-12-31,2021-11-28,35-59,DE,259,FALSE,5,260.3055,260,1.13965747467377,1.4826,259,259,259,259,260,261,261,262,262,263,0.999856293374676,1960.74725680887,1973.43123463003,2021-12-31
"Reference: Age and week by age, Report: Day of week",2021-12-31,2021-11-28,35-59,DE,259,FALSE,5,260.2755,260,1.14902562196844,1.4826,259,259,259,259,260,261,261,262,262,263,1.00062430332795,1528.75503572448,1758.22202368411,2021-12-31
"Independent by age, Reference: Week, Report: Day of week",2021-12-31,2021-11-28,35-59,DE,259,FALSE,1,260.0355,260,1.05299294730475,1.4826,259,259,259,259,260,261,261,261,262,262.025,0.999879125091944,2133.0553721818,2027.28387963697,2021-12-31
"Independent by age, Reference: Week and day of week, Report: Day of week",2021-12-31,2021-11-28,35-59,DE,259,FALSE,1,259.589,259,0.76378706806457,0,259,259,259,259,259,260,260,261,261,261,1.00002614789451,1944.03323793066,1735.75741216435,2021-12-31
"Reference: Fixed, Report: Fixed",2021-12-31,2021-11-29,35-59,DE,159,FALSE,5,162.774,162,2.19871352626605,1.4826,159,160,161,161,162,164,165,166,167,168,0.999601049606822,1904.33407693403,1927.24538602755,2021-12-31
"Reference: Fixed, Report: Day of week",2021-12-31,2021-11-29,35-59,DE,159,FALSE,5,160.4175,160,1.22144984336645,1.4826,159,159,159,159,160,161,161,162,163,163,0.999395783620073,1898.44607306816,1872.83947487606,2021-12-31
"Reference: Age, Report: Day of week",2021-12-31,2021-11-29,35-59,DE,159,FALSE,5,160.161,160,1.08842608185758,1.4826,159,159,159,159,160,161,161,162,162,163,0.999408721247336,2014.97391271067,1886.22927901278,2021-12-31
"Reference: Age and week, Report: Day of week",2021-12-31,2021-11-29,35-59,DE,159,FALSE,5,160.0505,160,1.02443862053498,1.4826,159,159,159,159,160,161,161,161,162,162,0.999666135191928,2036.09932747242,1692.01613706064,2021-12-31
"Reference: Age and week by age, Report: Day of week",2021-12-31,2021-11-29,35-59,DE,159,FALSE,5,160.03,160,1.02646325477666,1.4826,159,159,159,159,160,161,161,161,162,162,1.00066667408909,1710.09155093211,1767.36134296328,2021-12-31
"Independent by age, Reference: Week, Report: Day of week",2021-12-31,2021-11-29,35-59,DE,159,FALSE,1,159.865,160,0.976346058430568,1.4826,159,159,159,159,160,160,161,161,162,162,1.0014295808523,2053.883125818,1962.91365424625,2021-12-31
"Independent by age, Reference: Week and day of week, Report: Day of week",2021-12-31,2021-11-29,35-59,DE,159,FALSE,1,159.427,159,0.654129148159013,0,159,159,159,159,159,160,160,160,161,161,0.999365828687217,1925.61955056223,1962.73048400122,2021-12-31
"Reference: Fixed, Report: Fixed",2021-12-31,2021-11-30,35-59,DE,367,FALSE,5,374.2215,374,3.08985620307448,2.9652,369,370,372,372,374,376,377,378,380,381,1.00068660543096,1841.34159471372,1857.48057333763,2021-12-31
"Reference: Fixed, Report: Day of week",2021-12-31,2021-11-30,35-59,DE,367,FALSE,5,370.145,370,1.82746951340131,1.4826,367,367,369,369,370,371,372,373,373,374,1.00126603683872,1995.39319908814,1966.93613784591,2021-12-31
"Reference: Age, Report: Day of week",2021-12-31,2021-11-30,35-59,DE,367,FALSE,5,369.5645,369,1.62331676781346,1.4826,367,367,368,368,369,371,371,372,372.05,373,1.00160481732225,1751.37182961725,1991.93396774956,2021-12-31
"Reference: Age and week, Report: Day of week",2021-12-31,2021-11-30,35-59,DE,367,FALSE,5,369.395,369,1.61067443515691,1.4826,367,367,368,368,369,370,371,372,372,373,1.00042282961052,1940.64581683179,1881.28459800968,2021-12-31
"Reference: Age and week by age, Report: Day of week",2021-12-31,2021-11-30,35-59,DE,367,FALSE,5,369.473,369,1.60516643362606,1.4826,367,367,368,368,369,370,371,372,372,373,1.00031612815919,1753.70835023001,1952.52199640141,2021-12-31
"Independent by age, Reference: Week, Report: Day of week",2021-12-31,2021-11-30,35-59,DE,367,FALSE,1,369.0275,369,1.45526720959612,1.4826,367,367,368,368,369,370,370,371,372,372,1.00009935472289,2002.66257869288,1961.3184753923,2021-12-31
"Independent by age, Reference: Week and day of week, Report: Day of week",2021-12-31,2021-11-30,35-59,DE,367,FALSE,1,368.184,368,1.11164827213488,1.4826,367,367,367,367,368,369,369,370,370,371,0.99950514076697,2009.97720123558,2020.63652651727,2021-12-31
"Reference: Fixed, Report: Fixed",2021-12-31,2021-12-01,35-59,DE,405,FALSE,5,416.087,416,4.05581752892237,4.4478,409,410,413,413,416,419,419,421,423,425,1.00041758623901,2008.73949330173,1844.11217293411,2021-12-31
"Reference: Fixed, Report: Day of week",2021-12-31,2021-12-01,35-59,DE,405,FALSE,5,410.1805,410,2.39369685681399,2.9652,406,407,408,408,410,412,412,413,414,415,0.999490185324192,1828.40076910502,1891.60475136975,2021-12-31
"Reference: Age, Report: Day of week",2021-12-31,2021-12-01,35-59,DE,405,FALSE,5,409.2665,409,2.16259477435766,1.4826,406,406,407,408,409,411,411,412,413,414,0.999752411267695,1928.21493090537,1951.05961255266,2021-12-31
"Reference: Age and week, Report: Day of week",2021-12-31,2021-12-01,35-59,DE,405,FALSE,5,409.026,409,2.04607360781676,1.4826,406,406,407,408,409,410,411,412,413,414,0.999199829237626,2160.61150839687,1964.15972751155,2021-12-31
"Reference: Age and week by age, Report: Day of week",2021-12-31,2021-12-01,35-59,DE,405,FALSE,5,409.343,409,2.18145143543985,1.4826,406,406,407,408,409,411,411,412,413,414,0.999996176259948,2191.583240683,1878.22930620875,2021-12-31
"Independent by age, Reference: Week, Report: Day of week",2021-12-31,2021-12-01,35-59,DE,405,FALSE,1,408.3225,408,1.9895911606391,1.4826,405,406,407,407,408,409,410,411,412,413,1.00011117593059,2081.84868341282,1928.51400068127,2021-12-31
"Independent by age, Reference: Week and day of week, Report: Day of week",2021-12-31,2021-12-01,35-59,DE,405,FALSE,1,407.7295,408,1.72737420984291,1.4826,405,405,406,406,408,409,409,410,411,412,0.999732645841199,2008.05307526491,1920.43475231167,2021-12-31
"Reference: Fixed, Report: Fixed",2021-12-31,2021-12-02,35-59,DE,479,FALSE,5,495.792,495,5.42572163196877,5.9304,487,488,491,492,495,499,500,503,505,507.025,1.0004412726653,2175.01285986941,1922.11340800132,2021-12-31
"Reference: Fixed, Report: Day of week",2021-12-31,2021-12-02,35-59,DE,479,FALSE,5,487.184,487,3.06232475685683,2.9652,482,483,485,485,487,489,490,491,492,494,0.999738312363902,1983.3634065349,1939.30421096451,2021-12-31
"Reference: Age, Report: Day of week",2021-12-31,2021-12-02,35-59,DE,479,FALSE,5,485.8765,486,2.75663694991503,2.9652,481,482,484,484,486,488,488,489,491,492,1.00273361791233,1636.73433177652,1869.17526422751,2021-12-31
"Reference: Age and week, Report: Day of week",2021-12-31,2021-12-02,35-59,DE,479,FALSE,5,486.007,486,2.7524060146415,2.9652,481,482,484,484,486,488,488,490,491,492,1.00119146974652,2044.61537496777,1975.98796087468,2021-12-31
"Reference: Age and week by age, Report: Day of week",2021-12-31,2021-12-02,35-59,DE,479,FALSE,5,487.3515,487,3.18276809654398,2.9652,482,483,485,485,487,489,490,492,493,494,1.00118574254575,2055.48652954796,2039.27281081403,2021-12-31
"Independent by age, Reference: Week, Report: Day of week",2021-12-31,2021-12-02,35-59,DE,479,FALSE,1,484.6395,484,2.58067233194035,2.9652,480,481,482,483,484,486,487,488,489,490,0.999814417357034,2101.79705233841,1701.24294069266,2021-12-31
"Independent by age, Reference: Week and day of week, Report: Day of week",2021-12-31,2021-12-02,35-59,DE,479,FALSE,1,483.621,483,2.28735108531545,2.9652,480,480,482,482,483,485,485,487,488,488,1.00082320628977,2189.5376878563,1599.08696192494,2021-12-31
"Reference: Fixed, Report: Fixed",2021-12-31,2021-12-03,35-59,DE,442,FALSE,5,458.853,458,5.5429913744014,5.9304,450,451,454,455,458,462,463,466,469,471,1.00013523796966,2050.1192699292,2019.03987301035,2021-12-31
"Reference: Fixed, Report: Day of week",2021-12-31,2021-12-03,35-59,DE,442,FALSE,5,451.0405,451,3.23683461102812,2.9652,445,446,448,449,451,453,454,455,457,458,1.00089625304767,2321.27576494355,1890.52586027962,2021-12-31
"Reference: Age, Report: Day of week",2021-12-31,2021-12-03,35-59,DE,442,FALSE,5,448.8425,449,2.71797487915578,2.9652,444,445,447,447,449,450,451,453,454,455,0.999481156680333,1853.70851117163,2053.03593824752,2021-12-31
"Reference: Age and week, Report: Day of week",2021-12-31,2021-12-03,35-59,DE,442,FALSE,5,449.1265,449,2.82515282670639,2.9652,444,445,447,447,449,451,451,453,454,455,0.99944429360142,2061.16500633328,1926.31686195759,2021-12-31
"Reference: Age and week by age, Report: Day of week",2021-12-31,2021-12-03,35-59,DE,442,FALSE,5,449.4345,449,2.97693480284843,2.9652,445,445,447,447,449,451,452,453,455,456,0.999654608474453,2053.79536551559,2011.44478737052,2021-12-31
"Independent by age, Reference: Week, Report: Day of week",2021-12-31,2021-12-03,35-59,DE,442,FALSE,1,448.4455,448,2.80623720195154,2.9652,444,444,446,447,448,450,451,452,453,454,1.00136803717259,1978.07306317513,1916.06980459163,2021-12-31
"Independent by age, Reference: Week and day of week, Report: Day of week",2021-12-31,2021-12-03,35-59,DE,442,FALSE,1,447.1555,447,2.44567176971944,2.9652,443,444,445,445,447,449,449,450,451.05,453,1.00013504784905,1737.74913425659,1806.78888701879,2021-12-31
"Reference: Fixed, Report: Fixed",2021-12-31,2021-12-04,35-59,DE,389,FALSE,5,406.3905,406,5.50810124631618,5.9304,397,398,402,402.75,406,410,411,414,416,418,1.00001474859524,2094.92348587386,1841.39747468368,2021-12-31
"Reference: Fixed, Report: Day of week",2021-12-31,2021-12-04,35-59,DE,389,FALSE,5,399.0665,399,3.34509679774639,2.9652,393,394,396,397,399,401,402,403,405,406,1.00099730108915,2091.65138636956,1891.03855657164,2021-12-31
"Reference: Age, Report: Day of week",2021-12-31,2021-12-04,35-59,DE,389,FALSE,5,396.798,397,2.99944900726343,2.9652,392,392,394,395,397,399,399,401,402,403,0.99978182660846,2052.72677702924,2047.90419588204,2021-12-31
"Reference: Age and week, Report: Day of week",2021-12-31,2021-12-04,35-59,DE,389,FALSE,5,396.712,397,2.95997241851325,2.9652,391,392,394,395,397,399,399,401,402,403,0.999714599659957,2032.95303745291,1772.1869524104,2021-12-31
"Reference: Age and week by age, Report: Day of week",2021-12-31,2021-12-04,35-59,DE,389,FALSE,5,396.9455,397,3.03251179946706,2.9652,392,392,394,395,397,399,399,401,402,403,0.999315380295812,1843.82577563087,1734.22046974824,2021-12-31
"Independent by age, Reference: Week, Report: Day of week",2021-12-31,2021-12-04,35-59,DE,389,FALSE,1,396.4305,396,3.00094528212248,2.9652,391,392,394,394,396,398,399,400,402,403,0.999557535559831,1895.92049875103,1791.6176969783,2021-12-31
"Independent by age, Reference: Week and day of week, Report: Day of week",2021-12-31,2021-12-04,35-59,DE,389,FALSE,1,394.405,394,2.5094070139738,2.9652,390,391,392,393,394,396,396,398,399,400,1.00034218172717,1953.73560407822,1761.44043642071,2021-12-31
"Reference: Fixed, Report: Fixed",2021-12-31,2021-12-05,35-59,DE,278,FALSE,5,292.0175,292,4.62665069984208,4.4478,284,285,288,289,292,295,296,298,300,302,0.99957577160575,2080.33297573448,2077.3525225961,2021-12-31
"Reference: Fixed, Report: Day of week",2021-12-31,2021-12-05,35-59,DE,278,FALSE,5,286.792,287,3.17644154525866,2.9652,281,282,284,284,287,289,289,291,292,294,1.00116140632866,2021.15886802096,1802.9276316051,2021-12-31
"Reference: Age, Report: Day of week",2021-12-31,2021-12-05,35-59,DE,278,FALSE,5,284.7385,285,2.79070094346885,2.9652,280,281,282,283,285,286,287,288,290,291,0.999463041960291,2061.10981735501,2013.736952317,2021-12-31
"Reference: Age and week, Report: Day of week",2021-12-31,2021-12-05,35-59,DE,278,FALSE,5,284.443,284,2.65033264545524,2.9652,280,281,282,283,284,286,287,288,289,290,1.0019466190385,1989.77067659768,1607.89932750097,2021-12-31
"Reference: Age and week by age, Report: Day of week",2021-12-31,2021-12-05,35-59,DE,278,FALSE,5,284.2825,284,2.65315158946456,2.9652,280,280,282,282,284,286,286,288,289,290,0.999639857195386,2185.29269959117,2040.59207723643,2021-12-31
"Independent by age, Reference: Week, Report: Day of week",2021-12-31,2021-12-05,35-59,DE,278,FALSE,1,284.7475,285,2.81597382876726,2.9652,280,281,282,283,285,286,287,288,290,291,1.00178529730924,1983.27771982216,1743.50336600083,2021-12-31
"Independent by age, Reference: Week and day of week, Report: Day of week",2021-12-31,2021-12-05,35-59,DE,278,FALSE,1,283.1655,283,2.44665134447079,2.9652,279,279,281,281,283,285,285,286,287,288,1.00053068532931,2131.91833152909,1972.34012629478,2021-12-31
"Reference: Fixed, Report: Fixed",2021-12-31,2021-12-06,35-59,DE,169,FALSE,5,178.898,179,3.67264756954503,2.9652,172,173,176,176,179,181,182,184,185,187,1.00008014173549,2013.96932662469,1840.10210486597,2021-12-31
"Reference: Fixed, Report: Day of week",2021-12-31,2021-12-06,35-59,DE,169,FALSE,5,174.973,175,2.51066180744354,2.9652,171,171,173,173,175,177,177,178,179,180,0.999197685348962,2136.81376967069,1893.31742467497,2021-12-31
"Reference: Age, Report: Day of week",2021-12-31,2021-12-06,35-59,DE,169,FALSE,5,173.714,173,2.27613584770299,1.4826,170,170,172,172,173,175,175.2,177,178,179,1.00238887239063,1958.04389543924,1971.46800343068,2021-12-31
"Reference: Age and week, Report: Day of week",2021-12-31,2021-12-06,35-59,DE,169,FALSE,5,173.2025,173,2.18446324982704,2.9652,170,170,171,172,173,175,175,176,177,178,1.00142660575167,1902.17209877015,1935.41763195646,2021-12-31
"Reference: Age and week by age, Report: Day of week",2021-12-31,2021-12-06,35-59,DE,169,FALSE,5,173.2125,173,2.17846657268459,1.4826,170,170,171,172,173,175,175,176,177,178,0.999743195337025,1957.09122752549,2041.32813183977,2021-12-31
"Independent by age, Reference: Week, Report: Day of week",2021-12-31,2021-12-06,35-59,DE,169,FALSE,1,173.894,174,2.29921882464497,2.9652,170,170.95,172,172,174,175,176,177,178,179,0.999902963567204,2046.31445222431,1883.72521019661,2021-12-31
"Independent by age, Reference: Week and day of week, Report: Day of week",2021-12-31,2021-12-06,35-59,DE,169,FALSE,1,172.1285,172,1.868350373072,1.4826,169,169,171,171,172,173,174,175,176,176,1.00053151552128,1922.54640064715,2007.90985551817,2021-12-31
"Reference: Fixed, Report: Fixed",2021-12-31,2021-12-07,35-59,DE,350,FALSE,5,368.291,368,5.49175734163024,5.9304,359,360,364,364,368,372,373,376,378,380,0.999524377409689,1903.29605889964,2030.32881678062,2021-12-31
"Reference: Fixed, Report: Day of week",2021-12-31,2021-12-07,35-59,DE,350,FALSE,5,361.6885,361,3.76756752195847,2.9652,355,356,359,359,361,364,365,367,368,370,0.999610612758882,1777.37501876945,1844.40001878085,2021-12-31
"Reference: Age, Report: Day of week",2021-12-31,2021-12-07,35-59,DE,350,FALSE,5,359.492,359,3.31774618074679,2.9652,354,354.95,357,357,359,362,362,364,365,367,1.00356888343207,1907.03980462218,2005.07959384847,2021-12-31
"Reference: Age and week, Report: Day of week",2021-12-31,2021-12-07,35-59,DE,350,FALSE,5,358.3995,358,3.18276055215691,2.9652,353,354,356,356,358,360,361,362.1,364,365,1.00125133845213,1826.15398543991,1813.24880763587,2021-12-31
"Reference: Age and week by age, Report: Day of week",2021-12-31,2021-12-07,35-59,DE,350,FALSE,5,359.132,359,3.24420073657744,2.9652,353,354,356,357,359,361,362,363,365,366,1.00010622836013,2091.35637903841,1917.23526362365,2021-12-31
"Independent by age, Reference: Week, Report: Day of week",2021-12-31,2021-12-07,35-59,DE,350,FALSE,1,359.553,359,3.47004489968111,2.9652,353,354,357,357,359,362,362,364,366,367,1.0005444070933,2049.10316007944,1846.41101042651,2021-12-31
"Independent by age, Reference: Week and day of week, Report: Day of week",2021-12-31,2021-12-07,35-59,DE,350,FALSE,1,356.8175,357,2.79178989098351,2.9652,352,353,354,355,357,359,359,361,362,363,0.999541262387127,1947.6513731406,2089.3045088644,2021-12-31
"Reference: Fixed, Report: Fixed",2021-12-31,2021-12-08,35-59,DE,475,FALSE,5,508.39,508,8.68582879240119,8.8956,493,495,501,502,508,514,515,520,524,527,1.00012911674544,2033.60925210419,2028.40835576767,2021-12-31
"Reference: Fixed, Report: Day of week",2021-12-31,2021-12-08,35-59,DE,475,FALSE,5,497.885,498,5.5336322196882,5.9304,488,489,493,494,498,501,502,505,508,510,0.999778038923712,1731.94982384632,1761.82506225109,2021-12-31
"Reference: Age, Report: Day of week",2021-12-31,2021-12-08,35-59,DE,475,FALSE,5,493.4175,493,4.74219758856424,4.4478,485,486,489,490,493,497,497,500,502,504,1.00084472675008,2255.58389867927,2048.00583670419,2021-12-31
"Reference: Age and week, Report: Day of week",2021-12-31,2021-12-08,35-59,DE,475,FALSE,5,493.4095,493,4.79315104064635,4.4478,485,486,489,490,493,496,497,499,502,504,1.00001490884318,1952.12098896997,1734.53325256686,2021-12-31
"Reference: Age and week by age, Report: Day of week",2021-12-31,2021-12-08,35-59,DE,475,FALSE,5,494.972,495,5.05024439846649,4.4478,486,487,491,491,495,498,499,502,504,506,1.00096166210313,1928.34631341743,1967.22152082059,2021-12-31
"Independent by age, Reference: Week, Report: Day of week",2021-12-31,2021-12-08,35-59,DE,475,FALSE,1,493.636,493,5.03956373124705,4.4478,484,486,489,490,493,497,498,500,502,504,0.999699081888581,2009.87006654995,1959.14326297889,2021-12-31
"Independent by age, Reference: Week and day of week, Report: Day of week",2021-12-31,2021-12-08,35-59,DE,475,FALSE,1,492.2905,492,4.74672259961743,4.4478,484,485,488,489,492,495,496,499,500,502,1.00032573795441,2010.17368402291,1961.73782324177,2021-12-31
"Reference: Fixed, Report: Fixed",2021-12-31,2021-12-09,35-59,DE,390,FALSE,5,422.76,422,8.35926663465969,8.8956,409,410,416,417,422,428,429,434,438,441,1.00029559947128,2146.58589226427,1683.08787015631,2021-12-31
"Reference: Fixed, Report: Day of week",2021-12-31,2021-12-09,35-59,DE,390,FALSE,5,411.927,412,5.2388351469433,5.9304,402,404,407,408,412,415,416,419,421,423,1.00252646111975,1883.92545191506,2007.40262956565,2021-12-31
"Reference: Age, Report: Day of week",2021-12-31,2021-12-09,35-59,DE,390,FALSE,5,407.784,408,4.72223397841249,4.4478,399,400,404,405,408,411,412,414,416,418,1.00026329275127,1942.24440238953,1902.92381808479,2021-12-31
"Reference: Age and week, Report: Day of week",2021-12-31,2021-12-09,35-59,DE,390,FALSE,5,408.2825,408,4.78593212688621,4.4478,400,401,404,405,408,411,412,415,417,418,1.00296814062429,2114.53127679926,2009.16178905851,2021-12-31
"Reference: Age and week by age, Report: Day of week",2021-12-31,2021-12-09,35-59,DE,390,FALSE,5,408.6135,408,4.81910049851706,4.4478,400,401,404,405,408,412,413,415,417,419,1.00029721166928,1908.35046628928,1781.06148402343,2021-12-31
"Independent by age, Reference: Week, Report: Day of week",2021-12-31,2021-12-09,35-59,DE,390,FALSE,1,408.387,408,5.14368153464665,4.4478,400,401,404,405,408,412,412,415,418,420,1.00108018001832,2022.21845045211,2002.95702283094,2021-12-31
"Independent by age, Reference: Week and day of week, Report: Day of week",2021-12-31,2021-12-09,35-59,DE,390,FALSE,1,407.2375,407,4.8738045442311,4.4478,399,400,403,404,407,410,411,413,416,418,1.00091007577368,1941.28591108796,1957.13896492292,2021-12-31
"Reference: Fixed, Report: Fixed",2021-12-31,2021-12-10,35-59,DE,342,FALSE,5,373.9205,373,8.40336170791172,7.413,359,361,367,368,373,379,380,385,389,393,1.00018935766349,2222.25570500271,1880.94935528707,2021-12-31
"Reference: Fixed, Report: Day of week",2021-12-31,2021-12-10,35-59,DE,342,FALSE,5,364.914,365,5.50243058758451,5.9304,355,356,360,361,365,369,370,372,374,376,1.00109433748511,1980.25104652814,1906.66957649723,2021-12-31
"Reference: Age, Report: Day of week",2021-12-31,2021-12-10,35-59,DE,342,FALSE,5,360.6285,360,4.90800692909128,4.4478,352,353,357,357,360,364,365,367,369,371,1.00011151170367,2074.22534246603,2039.77350950025,2021-12-31
"Reference: Age and week, Report: Day of week",2021-12-31,2021-12-10,35-59,DE,342,FALSE,5,360.288,360,4.8079740335357,4.4478,352,353,356,357,360,364,364,367,368,370,1.00153502284385,2181.00881979766,1808.97691861273,2021-12-31
"Reference: Age and week by age, Report: Day of week",2021-12-31,2021-12-10,35-59,DE,342,FALSE,5,360.842,361,4.86475784952008,4.4478,352,353,357,358,361,364,365,367,369,371,0.999857759572829,1924.08828251471,1915.22400219158,2021-12-31
"Independent by age, Reference: Week, Report: Day of week",2021-12-31,2021-12-10,35-59,DE,342,FALSE,1,361.7975,361,5.16438081134441,4.4478,353,354,357,358,361,365,366,369,371,372,0.999203235339469,1976.67731189844,1690.83873624236,2021-12-31
"Independent by age, Reference: Week and day of week, Report: Day of week",2021-12-31,2021-12-10,35-59,DE,342,FALSE,1,359.9145,360,5.09363939940448,4.4478,351,352,356,356,360,363,364,367,369,371,0.999988336681988,2080.19571609315,1872.8721613436,2021-12-31
"Reference: Fixed, Report: Fixed",2021-12-31,2021-12-11,35-59,DE,307,FALSE,5,336.98,336,7.93744931012321,7.413,323,325,330,331,336,342,344,348,351,353.025,0.999856070489671,2175.59285926446,1782.93829465239,2021-12-31
"Reference: Fixed, Report: Day of week",2021-12-31,2021-12-11,35-59,DE,307,FALSE,5,329.922,330,5.45827925322652,5.9304,320,321,325,326,330,333,334,337,340,341,0.999495445527704,1773.05678754711,1935.36216411834,2021-12-31
"Reference: Age, Report: Day of week",2021-12-31,2021-12-11,35-59,DE,307,FALSE,5,326.353,326,5.05036078632369,4.4478,318,319,322,323,326,330,330,333,335,337,0.999794585620459,2032.4285823563,2081.94865758184,2021-12-31
"Reference: Age and week, Report: Day of week",2021-12-31,2021-12-11,35-59,DE,307,FALSE,5,324.78,324.5,4.72300258063537,5.1891,316,318,321,321,324.5,328,329,331,333,335,0.999427459906829,1952.60674731498,1696.18293023961,2021-12-31
"Reference: Age and week by age, Report: Day of week",2021-12-31,2021-12-11,35-59,DE,307,FALSE,5,325.2945,325,4.90222252073704,4.4478,317,318,321,322,325,328,329,332,334,336,1.00074543771207,1729.30074813206,2021.26927502667,2021-12-31
"Independent by age, Reference: Week, Report: Day of week",2021-12-31,2021-12-11,35-59,DE,307,FALSE,1,327.857,327,5.58221565023987,5.9304,318,319,323,324,327,331,333,335,337,339,1.0006689514644,1974.44636023792,1984.32499610486,2021-12-31
"Independent by age, Reference: Week and day of week, Report: Day of week",2021-12-31,2021-12-11,35-59,DE,307,FALSE,1,323.943,324,4.93952937791017,4.4478,315,316,320,320,324,327,328,331,332.05,335,0.999445710969369,1893.67804267255,1930.62727917236,2021-12-31
"Reference: Fixed, Report: Fixed",2021-12-31,2021-12-12,35-59,DE,213,FALSE,5,237.2095,237,6.75976752399735,5.9304,225,227,231,232,237,241,243,246,249,252,1.00247217332948,2247.03514085623,1831.91771815295,2021-12-31
"Reference: Fixed, Report: Day of week",2021-12-31,2021-12-12,35-59,DE,213,FALSE,5,232.644,232,5.12849049012998,4.4478,223,225,228,229,232,236,237,239,241,243,0.999687622288664,2096.34128258129,1828.79633836115,2021-12-31
"Reference: Age, Report: Day of week",2021-12-31,2021-12-12,35-59,DE,213,FALSE,5,229.5305,229,4.61136661967475,4.4478,221,222,226,226,229,232,233,236,238,239,1.00121966375955,1997.60484584351,1767.60541161767,2021-12-31
"Reference: Age and week, Report: Day of week",2021-12-31,2021-12-12,35-59,DE,213,FALSE,5,227.2095,227,4.31855701795851,4.4478,219.975,220,223,224,227,230,231,233,234,236,1.00106269065797,1791.12451067097,1718.35530957509,2021-12-31
"Reference: Age and week by age, Report: Day of week",2021-12-31,2021-12-12,35-59,DE,213,FALSE,5,227.483,227,4.2459068362873,4.4478,220,221,224,224,227,230,231,233,235,237,0.999808625680992,1964.03861775446,1852.39875502946,2021-12-31
"Independent by age, Reference: Week, Report: Day of week",2021-12-31,2021-12-12,35-59,DE,213,FALSE,1,231.0525,231,4.99962417296895,4.4478,222,223,227,228,231,234,235,238,240,242,1.00031914806466,2051.0256403094,1982.1576058063,2021-12-31
"Independent by age, Reference: Week and day of week, Report: Day of week",2021-12-31,2021-12-12,35-59,DE,213,FALSE,1,228.2265,228,4.49347230955064,4.4478,221,221,224,225,228,231,232,234,236,238,0.999482390790625,1955.94753813084,1810.57062534533,2021-12-31
"Reference: Fixed, Report: Fixed",2021-12-31,2021-12-13,35-59,DE,111,FALSE,5,126.2515,126,4.99747287311885,4.4478,118,119,122,123,126,129,130,133,135,137,1.00141590055993,1926.59214216328,1938.39144125308,2021-12-31
"Reference: Fixed, Report: Day of week",2021-12-31,2021-12-13,35-59,DE,111,FALSE,5,122.6585,123,3.68016977526681,2.9652,116,117,119,120,123,125,125,127,129,131,1.00078654685433,2348.547442811,1763.81193232736,2021-12-31
"Reference: Age, Report: Day of week",2021-12-31,2021-12-13,35-59,DE,111,FALSE,5,120.7645,120.5,3.305526130815,3.7065,115,116,118,119,120.5,123,123,125,127,128,1.00043744235614,2120.16619962546,1871.5574048541,2021-12-31
"Reference: Age and week, Report: Day of week",2021-12-31,2021-12-13,35-59,DE,111,FALSE,5,119.509,119,3.32617659263045,2.9652,114,115,117,117,119,121,122,124,126,127,0.999646302358114,2106.74634596649,1796.04194003737,2021-12-31
"Reference: Age and week by age, Report: Day of week",2021-12-31,2021-12-13,35-59,DE,111,FALSE,5,119.341,119,3.13570332105236,2.9652,114,115,117,117,119,121,122,123,125,126,1.00051292411146,1843.61983254347,1771.63896215173,2021-12-31
"Independent by age, Reference: Week, Report: Day of week",2021-12-31,2021-12-13,35-59,DE,111,FALSE,1,122.301,122,3.84002238091694,4.4478,116,117,119,120,122,125,125,127,129,130,1.00073568455865,2100.46916620796,1836.85749968285,2021-12-31
"Independent by age, Reference: Week and day of week, Report: Day of week",2021-12-31,2021-12-13,35-59,DE,111,FALSE,1,118.828,119,3.05206053949924,2.9652,114,114,116,117,119,121,121,123,124,125,1.00000141699932,2133.48018952698,1855.83890422412,2021-12-31
"Reference: Fixed, Report: Fixed",2021-12-31,2021-12-14,35-59,DE,250,FALSE,5,276.6345,276,7.40805976114612,7.413,264,266,270,272,276,281,283,286,290,293,0.999995053690851,2002.97949430442,1770.43416762349,2021-12-31
"Reference: Fixed, Report: Day of week",2021-12-31,2021-12-14,35-59,DE,250,FALSE,5,271.574,271,5.2215089847705,4.4478,262,263,267,268,271,275,276,278,281,283,1.00040818099816,1980.992511194,1962.83024771982,2021-12-31
"Reference: Age, Report: Day of week",2021-12-31,2021-12-14,35-59,DE,250,FALSE,5,266.5505,266,4.58202435868818,4.4478,258.975,260,263,263,266,269,270,273,274.05,276,1.00082198316887,1967.04228782003,1883.76507587562,2021-12-31
"Reference: Age and week, Report: Day of week",2021-12-31,2021-12-14,35-59,DE,250,FALSE,5,266.8145,266,4.74292498556633,4.4478,259,260,263,263,266,270,271,273,275,277,0.999742513626698,1772.0998460111,2026.39867944583,2021-12-31
"Reference: Age and week by age, Report: Day of week",2021-12-31,2021-12-14,35-59,DE,250,FALSE,5,266.356,266,4.52067276421558,4.4478,258,259,263,263,266,269,270,272,274,275,1.00149168723514,2220.41613296359,2082.30710292849,2021-12-31
"Independent by age, Reference: Week, Report: Day of week",2021-12-31,2021-12-14,35-59,DE,250,FALSE,1,271.586,271,5.52384471452766,5.9304,262,263,267,268,271,275,276,279,281,284,1.00231130000205,2084.62149035537,1965.74143968052,2021-12-31
"Independent by age, Reference: Week and day of week, Report: Day of week",2021-12-31,2021-12-14,35-59,DE,250,FALSE,1,266.89,267,4.74026740464436,4.4478,259,260,263,263,267,270,271,273,275,277,1.00274010871377,1998.16310669552,1938.33567771851,2021-12-31
"Reference: Fixed, Report: Fixed",2021-12-31,2021-12-15,35-59,DE,367,FALSE,5,416.969,416,11.506530281521,11.8608,396,399,407,409,416,425,427,432,437,442,1.00211695027938,1921.72415329665,1779.15972667464,2021-12-31
"Reference: Fixed, Report: Day of week",2021-12-31,2021-12-15,35-59,DE,367,FALSE,5,409.506,409,8.29869858466372,8.8956,395,397,402,404,409,415,416,421,424,427,1.0000654410388,2022.87093371248,1825.41476378195,2021-12-31
"Reference: Age, Report: Day of week",2021-12-31,2021-12-15,35-59,DE,367,FALSE,5,400.715,400,7.09090371234364,7.413,389,390,395,396,400,405,407,410,413,415,1.00224389744711,1884.34916645283,1896.31827859334,2021-12-31
"Reference: Age and week, Report: Day of week",2021-12-31,2021-12-15,35-59,DE,367,FALSE,5,401.7085,401,7.02254838665576,7.413,389.975,391,396,397,401,406,407,411,414,417,1.0018463619576,1969.77571179593,1778.20021621707,2021-12-31
"Reference: Age and week by age, Report: Day of week",2021-12-31,2021-12-15,35-59,DE,367,FALSE,5,402.987,402,7.40339355417899,7.413,390,392,397,398,402,408,409,413,416,419,0.999250784918943,2054.81759000259,1760.76507747847,2021-12-31
"Independent by age, Reference: Week, Report: Day of week",2021-12-31,2021-12-15,35-59,DE,367,FALSE,1,408.3995,408,8.57966812310076,8.8956,393,395,401,402.75,408,414,416,419,423,426,0.999828783111118,1966.51799051509,1579.60146757039,2021-12-31
"Independent by age, Reference: Week and day of week, Report: Day of week",2021-12-31,2021-12-15,35-59,DE,367,FALSE,1,408.1875,408,8.67744160143836,8.8956,393,395,401,402,408,414,415,419,423,427,1.00055426594582,2171.78062372098,1981.70815579789,2021-12-31
"Reference: Fixed, Report: Fixed",2021-12-31,2021-12-16,35-59,DE,303,FALSE,5,355.0575,354,12.033228704156,11.8608,334,337,345,346,354,363,365,371,377,381,1.00084863085,2232.24964487566,1928.75675099359,2021-12-31
"Reference: Fixed, Report: Day of week",2021-12-31,2021-12-16,35-59,DE,303,FALSE,5,346.361,346,8.11588644612548,8.8956,331,333,339,341,346,352,353,357,361,363,0.999584767222948,2244.63785718006,1786.07844707489,2021-12-31
"Reference: Age, Report: Day of week",2021-12-31,2021-12-16,35-59,DE,303,FALSE,5,337.497,337,7.44350010726966,7.413,324,326,331,332,337,342,344,347,350,353,1.00156699407941,2367.82595852799,2049.20354917411,2021-12-31
"Reference: Age and week, Report: Day of week",2021-12-31,2021-12-16,35-59,DE,303,FALSE,5,336.987,336,7.22377480692959,7.413,324,326,331,332,336,342,343,346,349,352,1.00052290713588,2106.62365902279,2045.18319430049,2021-12-31
"Reference: Age and week by age, Report: Day of week",2021-12-31,2021-12-16,35-59,DE,303,FALSE,5,338.864,339,7.7337189763142,7.413,325,327,332,334,339,343,345,349,353,356,1.00071377147808,2200.29551307281,1900.42682255575,2021-12-31
"Independent by age, Reference: Week, Report: Day of week",2021-12-31,2021-12-16,35-59,DE,303,FALSE,1,345.661,345,8.80754593701994,8.8956,330,332,338,340,345,351,353,357,361,364,1.00295570582251,1979.98813498313,1893.20307295583,2021-12-31
"Independent by age, Reference: Week and day of week, Report: Day of week",2021-12-31,2021-12-16,35-59,DE,303,FALSE,1,346.3335,346,9.15741267244339,8.8956,330,332,339,340,346,352,354,358,362,366,1.00227285827759,2244.57732544818,1993.68351034261,2021-12-31
"Reference: Fixed, Report: Fixed",2021-12-31,2021-12-17,35-59,DE,268,FALSE,5,316.1625,315,11.6277123974494,11.8608,296,299,306,308,315,324,326,331,336,340,1.00017857835521,2342.91505984739,1864.59280391326,2021-12-31
"Reference: Fixed, Report: Day of week",2021-12-31,2021-12-17,35-59,DE,268,FALSE,5,310.9795,310,8.12275010600735,7.413,296,299,304,305,310,316,318,322,326,328,1.00043160196195,2213.43199690128,1943.18408903104,2021-12-31
"Reference: Age, Report: Day of week",2021-12-31,2021-12-17,35-59,DE,268,FALSE,5,303.0095,303,7.26834397659336,7.413,289,292,297,298,303,308,309,313,315,318,1.00033356772168,2361.34932944763,1954.65510480956,2021-12-31
"Reference: Age and week, Report: Day of week",2021-12-31,2021-12-17,35-59,DE,268,FALSE,5,300.276,300,7.02178586531726,7.413,288,289.95,294,295,300,305,306,309,312,315,0.999388822982444,1518.90714808388,1664.9304415067,2021-12-31
"Reference: Age and week by age, Report: Day of week",2021-12-31,2021-12-17,35-59,DE,268,FALSE,5,301.629,301,7.20029729529068,7.413,289,291,296,297,301,306,308,311,314,317,1.00055938340358,2009.96308563907,2058.48929801499,2021-12-31
"Independent by age, Reference: Week, Report: Day of week",2021-12-31,2021-12-17,35-59,DE,268,FALSE,1,307.216,307,8.5870957317683,8.8956,292,294,300,301,307,313,314,318,322,325.025,1.00116459227596,1935.46448043121,1791.103009448,2021-12-31
"Independent by age, Reference: Week and day of week, Report: Day of week",2021-12-31,2021-12-17,35-59,DE,268,FALSE,1,306.2125,306,8.54879434144641,8.8956,291,293,299,300,306,312,313,318,321,324.025,0.999986377182377,2096.14706380968,1828.84219627506,2021-12-31
"Reference: Fixed, Report: Fixed",2021-12-31,2021-12-18,35-59,DE,216,FALSE,5,258.1685,257,10.7872280913563,10.3782,240,242.95,249,250,257,265,267,272,278,282,0.999902781427589,2209.73367797846,1792.8003393762,2021-12-31
"Reference: Fixed, Report: Day of week",2021-12-31,2021-12-18,35-59,DE,216,FALSE,5,256.735,256,8.03971974304909,7.413,242,244,250,251,256,262,263,267,271,274,1.0001443246101,2122.91668874999,1967.06635641323,2021-12-31
"Reference: Age, Report: Day of week",2021-12-31,2021-12-18,35-59,DE,216,FALSE,5,249.156,249,7.12285276527305,7.413,236,238,243,244,249,254,255,259,261,264,1.00071990938276,1971.39136865436,1702.30564819153,2021-12-31
"Reference: Age and week, Report: Day of week",2021-12-31,2021-12-18,35-59,DE,216,FALSE,5,244.7425,245,6.57067581305912,5.9304,233,234,239,240,245,249,250,253,256,259,1.00170935605573,1960.525674026,1646.04336557696,2021-12-31
"Reference: Age and week by age, Report: Day of week",2021-12-31,2021-12-18,35-59,DE,216,FALSE,5,245.234,245,6.81817334363625,7.413,233,235,239,240,245,250,251,254,257,259,1.00002559972821,2276.38829330209,2062.21140427544,2021-12-31
"Independent by age, Reference: Week, Report: Day of week",2021-12-31,2021-12-18,35-59,DE,216,FALSE,1,253.8055,253,8.45656114879042,8.8956,239,241,247,248,253,259,261,265,269,272,0.999885997444446,2103.88266485291,1908.98804952659,2021-12-31
"Independent by age, Reference: Week and day of week, Report: Day of week",2021-12-31,2021-12-18,35-59,DE,216,FALSE,1,249.3195,249,7.60686216031045,7.413,235,238,243,244,249,254,256,259,262,266,0.999682136266573,1936.5004277388,1828.65257532483,2021-12-31
"Reference: Fixed, Report: Fixed",2021-12-31,2021-12-19,35-59,DE,168,FALSE,5,206.5845,206,9.85065365540375,10.3782,190,193,198,200,206,213,215,220,224,229,1.00064440264154,2525.45634447959,2179.32826099236,2021-12-31
"Reference: Fixed, Report: Day of week",2021-12-31,2021-12-19,35-59,DE,168,FALSE,5,208.2105,208,8.26609665603805,8.8956,193,195,201,202,208,214,215,219,222,225,1.00158230271717,1978.36839991582,1871.55403157565,2021-12-31
"Reference: Age, Report: Day of week",2021-12-31,2021-12-19,35-59,DE,168,FALSE,5,201.1445,201,7.44071917901425,7.413,188,190,195,196,201,206,207,211,214,217.025,1.00005083814589,2029.57965754589,2083.27687358591,2021-12-31
"Reference: Age and week, Report: Day of week",2021-12-31,2021-12-19,35-59,DE,168,FALSE,5,197.1495,197,6.81023783870357,5.9304,185,187,191,192,197,201,203,206,209,212,1.00094070024278,1671.17324273504,1923.21426774434,2021-12-31
"Reference: Age and week by age, Report: Day of week",2021-12-31,2021-12-19,35-59,DE,168,FALSE,5,194.668,194,6.65281188317966,5.9304,182,184,189,190,194,199,200,203,207,209,1.00099763393672,1726.37682705103,1704.10499680001,2021-12-31
"Independent by age, Reference: Week, Report: Day of week",2021-12-31,2021-12-19,35-59,DE,168,FALSE,1,206.237,206,8.52667479686811,8.8956,191,193,199,200,206,212,213,217,221,224.025,1.00152643759176,1747.16128844646,1721.66844680697,2021-12-31
"Independent by age, Reference: Week and day of week, Report: Day of week",2021-12-31,2021-12-19,35-59,DE,168,FALSE,1,201.759,201,7.65285581342354,7.413,188,190,195,197,201,207,208,212,215,218,0.999494047001658,2319.34967487061,1916.12470962088,2021-12-31
"Reference: Fixed, Report: Fixed",2021-12-31,2021-12-20,35-59,DE,86,FALSE,5,113.055,112,8.12502203021603,7.413,99,101,106,107,112,118,119,124,127,132,0.999976796468899,2401.36119067303,2115.41481326019,2021-12-31
"Reference: Fixed, Report: Day of week",2021-12-31,2021-12-20,35-59,DE,86,FALSE,5,109.3835,109,5.99995228845462,5.9304,98,100,104,105,109,113,114,117,120,123,1.00203424794959,2330.23296092404,2061.48449657432,2021-12-31
"Reference: Age, Report: Day of week",2021-12-31,2021-12-20,35-59,DE,86,FALSE,5,104.8145,104,5.30227751286291,4.4478,96,97,100,101,104,108,109,112,114,116,0.999863317662929,2431.25074055595,2056.29777463799,2021-12-31
"Reference: Age and week, Report: Day of week",2021-12-31,2021-12-20,35-59,DE,86,FALSE,5,105.174,105,5.32389856664963,5.9304,95,97,101,101,105,109,110,112,114,117,1.00051679873865,2361.8335949973,1682.22554196669,2021-12-31
"Reference: Age and week by age, Report: Day of week",2021-12-31,2021-12-20,35-59,DE,86,FALSE,5,101.856,101,4.92913909380767,4.4478,93,94,98,98,101,105,106,108,111,113,0.999260370624714,2095.09973118956,2041.32813183977,2021-12-31
"Independent by age, Reference: Week, Report: Day of week",2021-12-31,2021-12-20,35-59,DE,86,FALSE,1,109.443,109,6.27753572091499,5.9304,99,100,104,105,109,113.25,115,118,120.05,123,1.00289050239798,1771.37772024492,1923.86136728616,2021-12-31
"Independent by age, Reference: Week and day of week, Report: Day of week",2021-12-31,2021-12-20,35-59,DE,86,FALSE,1,103.471,103,5.27949766055199,5.9304,94,96,99,100,103,107,108,110,113,115,0.999734179115301,2299.29990047971,1887.79825989799,2021-12-31
"Reference: Fixed, Report: Fixed",2021-12-31,2021-12-21,35-59,DE,169,FALSE,5,213.707,212,11.2806816234191,10.3782,195,197,204,206,212,220,223,229,234,239,1.00148829571649,2175.9788823669,1967.04312396477,2021-12-31
"Reference: Fixed, Report: Day of week",2021-12-31,2021-12-21,35-59,DE,169,FALSE,5,207.982,208,7.95137020544711,7.413,194,196,201,203,208,213,214.2,218,222,225,1.00116053486272,2114.23146370557,1765.23523055207,2021-12-31
"Reference: Age, Report: Day of week",2021-12-31,2021-12-21,35-59,DE,169,FALSE,5,200.3935,200,7.13204674657967,7.413,188,190,194,195,200,205,206,210,213,216,1.00154525544213,2409.7601957323,1892.43404645967,2021-12-31
"Reference: Age and week, Report: Day of week",2021-12-31,2021-12-21,35-59,DE,169,FALSE,5,201.972,201.5,7.3101939418687,6.6717,189,191,196,197,201.5,207,208,212,215,217,1.00053440981382,2096.1814275028,1769.552904189,2021-12-31
"Reference: Age and week by age, Report: Day of week",2021-12-31,2021-12-21,35-59,DE,169,FALSE,5,200.384,200,7.55745337734712,7.413,187,189,194,195,200,205,206,210,213.05,217,0.999735993349486,1911.88398153502,1853.25866003684,2021-12-31
"Independent by age, Reference: Week, Report: Day of week",2021-12-31,2021-12-21,35-59,DE,169,FALSE,1,207.3455,207,8.59383830301625,8.8956,192,194,200,201,207,213,214,219,223,225.025,0.999710796491631,2031.96482316241,1524.35553662643,2021-12-31
"Independent by age, Reference: Week and day of week, Report: Day of week",2021-12-31,2021-12-21,35-59,DE,169,FALSE,1,201.134,201,7.69712068460777,7.413,187,189,194.8,196,201,206,207.2,211,214,217,0.999302984521096,2226.4038299967,1926.40451695954,2021-12-31
"Reference: Fixed, Report: Fixed",2021-12-31,2021-12-22,35-59,DE,260,FALSE,5,336.401,334,17.9658449506945,16.3086,307,310,322,324,334,347,350,359.1,369,378,1.0001017470031,2230.15852776745,1899.16703353583,2021-12-31
"Reference: Fixed, Report: Day of week",2021-12-31,2021-12-22,35-59,DE,260,FALSE,5,334.9885,334,12.7051988882266,11.8608,312,315,324,326,334,343,345,351,357,363,1.0007053902261,1986.4353597477,2057.84570035813,2021-12-31
"Reference: Age, Report: Day of week",2021-12-31,2021-12-22,35-59,DE,260,FALSE,5,321.944,321,11.6778872457848,11.8608,301,304,312,314,321,329,331,337,342,346,1.00130873871637,2106.3936613251,1914.63893401397,2021-12-31
"Reference: Age and week, Report: Day of week",2021-12-31,2021-12-22,35-59,DE,260,FALSE,5,322.5485,322,11.9618222000318,11.8608,301,304,312,314,322,330,332,338,344,348,0.999466189492396,2374.41344450505,2035.30511449967,2021-12-31
"Reference: Age and week by age, Report: Day of week",2021-12-31,2021-12-22,35-59,DE,260,FALSE,5,325.8635,325,12.7949882224176,13.3434,303,306,315,317,325,334,336,342.1,348,354.025,1.00038193730065,2001.74914596689,1743.30868179061,2021-12-31
"Independent by age, Reference: Week, Report: Day of week",2021-12-31,2021-12-22,35-59,DE,260,FALSE,1,333.7465,333,13.86197370173,13.3434,309,312,322,324,333,342,345,352,358,363,0.999571994328441,2177.46951543007,1664.90548656847,2021-12-31
"Independent by age, Reference: Week and day of week, Report: Day of week",2021-12-31,2021-12-22,35-59,DE,260,FALSE,1,337.3975,336.5,14.2737999296689,14.0847,311.975,315,326,328,336.5,346,349,356,362,368,0.999891888177047,2227.32270135854,1859.65750970747,2021-12-31
"Reference: Fixed, Report: Fixed",2021-12-31,2021-12-23,35-59,DE,203,FALSE,5,275.525,274,17.4374139912818,17.0499,246,250,261,263,274,286,289,299,307,314,1.002009545674,2359.45289992487,2043.60444683197,2021-12-31
"Reference: Fixed, Report: Day of week",2021-12-31,2021-12-23,35-59,DE,203,FALSE,5,275.103,274,12.8896649580726,11.8608,251,255,264.8,266,274,283,286,292,297,302,0.99973588937714,2523.73233150461,1802.99241050295,2021-12-31
"Reference: Age, Report: Day of week",2021-12-31,2021-12-23,35-59,DE,203,FALSE,5,262.268,262,11.5252154554979,11.8608,241,244,253,254,262,270,272,277,282,286,1.00007705919071,1871.56385491002,2007.30799387297,2021-12-31
"Reference: Age and week, Report: Day of week",2021-12-31,2021-12-23,35-59,DE,203,FALSE,5,260.0215,259,11.096873796436,10.3782,240,243,251,252,259,267,269,275,280,283,0.999948032897126,2232.02368779007,1918.15907875771,2021-12-31
"Reference: Age and week by age, Report: Day of week",2021-12-31,2021-12-23,35-59,DE,203,FALSE,5,264.165,263,12.2263861078664,11.8608,243,245,254,255,263,272,274,280,286,291,1.00191583714978,1648.49325465582,1986.11512223882,2021-12-31
"Independent by age, Reference: Week, Report: Day of week",2021-12-31,2021-12-23,35-59,DE,203,FALSE,1,274.3425,273,13.8417119694466,13.3434,251,254,262,265,273,283,286,293,299,305,1.0003017594989,2120.22971873274,1841.69148147036,2021-12-31
"Independent by age, Reference: Week and day of week, Report: Day of week",2021-12-31,2021-12-23,35-59,DE,203,FALSE,1,278.8115,278,14.7873019817663,14.826,252,256,266,269,278,288,291,298,306,310,1.00012183259147,2328.68892543585,2098.29795655704,2021-12-31
"Reference: Fixed, Report: Fixed",2021-12-31,2021-12-24,35-59,DE,148,FALSE,5,208.779,207,15.6705756904855,16.3086,183,186,195,198,207,219,221,229,237,243,0.999739641027795,2485.78169209999,1734.22040924625,2021-12-31
"Reference: Fixed, Report: Day of week",2021-12-31,2021-12-24,35-59,DE,148,FALSE,5,213.766,213,12.1759751636406,11.8608,192,195,203,205,213,222,224,229,235,240,1.00083450570931,2298.59664220882,1862.79152628053,2021-12-31
"Reference: Age, Report: Day of week",2021-12-31,2021-12-24,35-59,DE,148,FALSE,5,202.3605,202,10.7469199259112,10.3782,184,186,193,195,202,209,211,217,221,225,1.00003833540916,2161.65235399655,1898.00361370139,2021-12-31
"Reference: Age and week, Report: Day of week",2021-12-31,2021-12-24,35-59,DE,148,FALSE,5,197.797,197,10.8821414023505,10.3782,179,182,188,190,197,205,207,212,217,221,1.00232072667702,2608.16662000803,1947.17030012903,2021-12-31
"Reference: Age and week by age, Report: Day of week",2021-12-31,2021-12-24,35-59,DE,148,FALSE,5,198.197,198,11.3751434252044,11.8608,178,180,188,190,198,206,208,213.1,218,221,1.00109848492842,2116.58854201635,1617.29440603044,2021-12-31
"Independent by age, Reference: Week, Report: Day of week",2021-12-31,2021-12-24,35-59,DE,148,FALSE,1,201.69,201,12.5528358088291,11.8608,179,182,191,193,201,210,212,219,223,227.025,0.999605030146084,2195.94499059281,1705.27073974463,2021-12-31
"Independent by age, Reference: Week and day of week, Report: Day of week",2021-12-31,2021-12-24,35-59,DE,148,FALSE,1,203.963,203,12.967910948074,11.8608,181,185,193,195,203,211.25,214,221,227,233,1.00066924783079,1733.58872659071,1866.93744494875,2021-12-31
"Reference: Fixed, Report: Fixed",2021-12-31,2021-12-25,35-59,DE,84,FALSE,5,126.735,126,11.7873765581261,11.8608,107,110,117,118,126,134,136,142,148,153,0.999633502335347,2236.02682375904,1843.03374748519,2021-12-31
"Reference: Fixed, Report: Day of week",2021-12-31,2021-12-25,35-59,DE,84,FALSE,5,137.1755,136,10.5235960007211,10.3782,118.975,121,128,130,136,144,146,151,155,159,0.999861759280105,2408.44562584941,1975.11442983875,2021-12-31
"Reference: Age, Report: Day of week",2021-12-31,2021-12-25,35-59,DE,84,FALSE,5,126.939,126,9.63445329767977,8.8956,110,112,119,120,126,133,135,139,144,148,1.00298824243438,2356.47003307348,1903.50799751657,2021-12-31
"Reference: Age and week, Report: Day of week",2021-12-31,2021-12-25,35-59,DE,84,FALSE,5,124.0585,123,9.78703074151541,10.3782,107,109,116,117,123,130,132,137,141,145,1.00036177185821,2297.90740789368,1956.31647959649,2021-12-31
"Reference: Age and week by age, Report: Day of week",2021-12-31,2021-12-25,35-59,DE,84,FALSE,5,118.701,118,9.63239277102256,8.8956,102,104,111,112,118,125,126,131,135,141,1.00064255764965,1505.80528043039,1736.29042000178,2021-12-31
"Independent by age, Reference: Week, Report: Day of week",2021-12-31,2021-12-25,35-59,DE,84,FALSE,1,127.995,127,10.7628943573499,10.3782,110,112,119,120,127,135,137,142,147,150.025,1.00262876767935,1877.83197033288,1772.71987197916,2021-12-31
"Independent by age, Reference: Week and day of week, Report: Day of week",2021-12-31,2021-12-25,35-59,DE,84,FALSE,1,124.891,124,10.5281308773155,10.3782,106,109,116,118,124,132,134,138,143,148,0.999932108477377,2223.94103360765,1619.85356891718,2021-12-31
"Reference: Fixed, Report: Fixed",2021-12-31,2021-12-26,35-59,DE,47,FALSE,5,80.849,79,10.8689588339025,10.3782,64,66,71,73,79,87,89,95,101,106.025,1.00020162647594,2411.73947230161,1891.52060439428,2021-12-31
"Reference: Fixed, Report: Day of week",2021-12-31,2021-12-26,35-59,DE,47,FALSE,5,81.8465,81,8.26020903347115,7.413,67,69,75,76,81,87,88.2000000000001,93,96,99.0249999999999,1.00039239499876,1942.74978737512,1519.42956941251,2021-12-31
"Reference: Age, Report: Day of week",2021-12-31,2021-12-26,35-59,DE,47,FALSE,5,54.2645,54,3.72041133212984,2.9652,49,49,51,52,54,56,57,59,61,63,1.00016878939445,2058.74187560686,1986.44429148412,2021-12-31
"Reference: Age and week, Report: Day of week",2021-12-31,2021-12-26,35-59,DE,47,FALSE,5,58.7905,57,7.32437253056419,5.9304,49,50,53,53,57,62,64,70,73,77,1.00536187408812,631.214685811716,1013.80940682282,2021-12-31
"Reference: Age and week by age, Report: Day of week",2021-12-31,2021-12-26,35-59,DE,47,FALSE,5,57.1095,56,4.79718837009024,4.4478,50,50,53,54,56,60,61,63,66,68,1.00345203226547,1265.52702645649,1575.79095937048,2021-12-31
"Independent by age, Reference: Week, Report: Day of week",2021-12-31,2021-12-26,35-59,DE,47,FALSE,1,76.4325,76,8.4646481843277,8.8956,62,64,69,70,76,82,83,88,91,95.0249999999999,0.999111094531476,2276.82668597872,2006.09981346446,2021-12-31
"Independent by age, Reference: Week and day of week, Report: Day of week",2021-12-31,2021-12-26,35-59,DE,47,FALSE,1,74.702,74,7.95234656613719,7.413,61,63,68,69,74,80,81,85,89,92,1.00031842571661,2126.10438213031,1823.27220279782,2021-12-31
"Reference: Fixed, Report: Fixed",2021-12-31,2021-12-27,35-59,DE,46,FALSE,5,89.7605,88,13.6921830870334,11.8608,67,70,79,80,88,97,100,108,115,121.025,0.999375770576578,2152.52441719835,1912.94829800973,2021-12-31
"Reference: Fixed, Report: Day of week",2021-12-31,2021-12-27,35-59,DE,46,FALSE,5,83.3085,83,9.15348135194638,8.8956,67,69,76,77,83,89,91,95,99,102,1.00059380737889,2199.80563562233,1921.25742854515,2021-12-31
"Reference: Age, Report: Day of week",2021-12-31,2021-12-27,35-59,DE,46,FALSE,5,53.9675,53,3.93779085889845,2.9652,48,49,51,51,53,56,57,59,61,63,0.999583999286663,1903.49343648502,2046.12467621214,2021-12-31
"Reference: Age and week, Report: Day of week",2021-12-31,2021-12-27,35-59,DE,46,FALSE,5,59.468,58,7.65390535175127,7.413,49,50,53,54,58,63,65,70,74,79,1.00999849955537,470.206015963277,773.31413055306,2021-12-31
"Reference: Age and week by age, Report: Day of week",2021-12-31,2021-12-27,35-59,DE,46,FALSE,5,56.435,56,4.61913879653024,4.4478,49,50,52,53,56,59,60,62,65,67,1.00161155145619,1545.84729809537,1838.3103689751,2021-12-31
"Independent by age, Reference: Week, Report: Day of week",2021-12-31,2021-12-27,35-59,DE,46,FALSE,1,77.891,77,9.07613944106065,8.8956,62,64,70,71,77,84,86,90,94,97,1.0015046389752,2020.92654559386,1905.39104796508,2021-12-31
"Independent by age, Reference: Week and day of week, Report: Day of week",2021-12-31,2021-12-27,35-59,DE,46,FALSE,1,72.4125,72,7.85188957098337,7.413,59,61,66,67,72,77,79,83,86,89,0.999847789109633,1996.07704412239,1856.91387024215,2021-12-31
"Reference: Fixed, Report: Fixed",2021-12-31,2021-12-28,35-59,DE,143,FALSE,5,241.625,238,27.649532063159,26.6868,198,202,218,222,238,258,263,278,291.05,307,1.00291512611025,2395.9576606959,1943.2752808136,2021-12-31
"Reference: Fixed, Report: Day of week",2021-12-31,2021-12-28,35-59,DE,143,FALSE,5,228.572,228,16.0229580162901,16.3086,199,203,215,217,228,239,242,249,256,263,1.00020657341706,2155.07297681454,1879.37782748072,2021-12-31
"Reference: Age, Report: Day of week",2021-12-31,2021-12-28,35-59,DE,143,FALSE,5,164.4405,164,7.49510160198059,7.413,152,154,158,159,164,169,170,174,178,182,0.999628081304269,1985.52392734456,1813.44077367281,2021-12-31
"Reference: Age and week, Report: Day of week",2021-12-31,2021-12-28,35-59,DE,143,FALSE,5,173.144,170,14.6959262765081,13.3434,154,155.95,161,162,170,180,184,196,202,209,1.00565352068241,623.430538517127,790.073173798854,2021-12-31
"Reference: Age and week by age, Report: Day of week",2021-12-31,2021-12-28,35-59,DE,143,FALSE,5,162.5875,162,7.3305669873604,7.413,151,152,156,157,162,167,168,172,176,179,1.0013663793092,1617.91426254159,1814.79015387489,2021-12-31
"Independent by age, Reference: Week, Report: Day of week",2021-12-31,2021-12-28,35-59,DE,143,FALSE,1,213.5465,212,17.1097694272871,16.3086,184,188,199,201,212,224,227,236,244,250.025,1.00159196360973,2017.21265156333,1988.71912471999,2021-12-31
"Independent by age, Reference: Week and day of week, Report: Day of week",2021-12-31,2021-12-28,35-59,DE,143,FALSE,1,207.855,206,15.9799453793548,14.826,180,184.95,194,196,206,217,220.2,229,237,243,0.999599558358364,1706.0509262629,1808.66918424991,2021-12-31
"Reference: Fixed, Report: Fixed",2021-12-31,2021-12-29,35-59,DE,145,FALSE,5,294.074,288,44.6841455152744,41.5128,223,233,257,263,288,318.25,327,356,378,399.025,1.00220906748998,2387.02105730486,1749.17615863295,2021-12-31
"Reference: Fixed, Report: Day of week",2021-12-31,2021-12-29,35-59,DE,145,FALSE,5,269.917,268,23.4989406379427,23.7216,230,235,250,253,268,285,289,302,312,320,0.999925914282518,2197.03091502166,1678.6782281567,2021-12-31
"Reference: Age, Report: Day of week",2021-12-31,2021-12-29,35-59,DE,145,FALSE,5,182.1815,181,11.2409402239563,10.3782,164,167,173,174,181,189,191,197,202,207,0.99949133430532,2320.74966819085,1943.16869130006,2021-12-31
"Reference: Age and week, Report: Day of week",2021-12-31,2021-12-29,35-59,DE,145,FALSE,5,187.2345,183,17.7756714921968,14.826,163,166,173,175,183,196,199.2,212,222,233,1.00690788374216,580.675124751638,966.629063279701,2021-12-31
"Reference: Age and week by age, Report: Day of week",2021-12-31,2021-12-29,35-59,DE,145,FALSE,5,173.2685,172,11.6887005526836,11.8608,155,157,163,165,172,180,182.2,189,195,199.025,1.00056034717154,1059.85754666985,1595.24900064382,2021-12-31
"Independent by age, Reference: Week, Report: Day of week",2021-12-31,2021-12-29,35-59,DE,145,FALSE,1,252.0505,249,25.9918975667334,25.2042,208.975,214,230,234,249,268,273,287,299,311,1.00073494946931,1830.47084684145,1658.35028017339,2021-12-31
"Independent by age, Reference: Week and day of week, Report: Day of week",2021-12-31,2021-12-29,35-59,DE,145,FALSE,1,267.275,264,29.4859981524031,29.652,217,224,242,246,264,286,291,306,320,328,0.999900625267706,2061.91301017783,2016.52673841725,2021-12-31
"Reference: Fixed, Report: Fixed",2021-12-31,2021-12-30,35-59,DE,98,FALSE,5,291.1865,281.5,64.2077022814719,58.5627,196,206.95,237,244,281.5,326,339.2,381,415.05,447.025,0.999630117968008,2300.05240319462,2054.55263473361,2021-12-31
"Reference: Fixed, Report: Day of week",2021-12-31,2021-12-30,35-59,DE,98,FALSE,5,253.817,251,32.103221324498,31.1346,198,206,226,231,251,274,279,296,311.05,327.025,1.00026986371478,2413.29105218754,1438.23085378332,2021-12-31
"Reference: Age, Report: Day of week",2021-12-31,2021-12-30,35-59,DE,98,FALSE,5,156.551,155,16.0265037800422,14.826,131,133,143,145,155,166,169,178,184.05,192,1.00087299310157,2031.13514658568,1896.3749701259,2021-12-31
"Reference: Age and week, Report: Day of week",2021-12-31,2021-12-30,35-59,DE,98,FALSE,5,150.557,147,19.8593037887406,16.3086,122.975,125,135,137,147,161,165,176,186,200,1.00367820038122,947.806067699545,1157.73819655444,2021-12-31
"Reference: Age and week by age, Report: Day of week",2021-12-31,2021-12-30,35-59,DE,98,FALSE,5,148.865,146,19.2629516339741,17.7912,118,122,133,136,146,159,163,174,183,193,1.00031652535719,1513.89784838809,1570.12919381468,2021-12-31
"Independent by age, Reference: Week, Report: Day of week",2021-12-31,2021-12-30,35-59,DE,98,FALSE,1,234.9635,230,36.1008698531223,34.0998,177,184,204,209,230,256,264,285,302,315,1.00063880009121,2084.13620780644,1857.76415150668,2021-12-31
"Independent by age, Reference: Week and day of week, Report: Day of week",2021-12-31,2021-12-30,35-59,DE,98,FALSE,1,253.784,250,39.9075262240678,38.5476,188,196,219,225,250,278,285,307,325,343.025,0.999829017160598,1896.27786511417,1686.29902845168,2021-12-31
"Reference: Fixed, Report: Fixed",2021-12-31,2021-12-31,35-59,DE,58,FALSE,5,314.604,292,116.23256079126,94.8864,159,176,223,235,292,367.25,391,465,527.05,591.099999999999,1.0008477863071,2632.7570167069,1764.52762802253,2021-12-31
"Reference: Fixed, Report: Day of week",2021-12-31,2021-12-31,35-59,DE,58,FALSE,5,245.0675,238,50.9741711733836,47.4432,163,174,202,208.75,238,274,284,313,343,365.025,1.00105589596734,3196.29759316573,1653.86366058934,2021-12-31
"Reference: Age, Report: Day of week",2021-12-31,2021-12-31,35-59,DE,58,FALSE,5,156.304,153,29.1305488866794,28.1694,110.975,115,132,136,153,173,179,193.1,209,225,1.00018109207305,2028.0433625924,1810.6398838193,2021-12-31
"Reference: Age and week, Report: Day of week",2021-12-31,2021-12-31,35-59,DE,58,FALSE,5,141.1295,137,29.3026799674814,26.6868,98,103,117,120,137,156,162.2,180,195,213,1.00118997243181,1764.82969335559,1596.58086897716,2021-12-31
"Reference: Age and week by age, Report: Day of week",2021-12-31,2021-12-31,35-59,DE,58,FALSE,5,167.0515,161,40.731331532792,37.065,105,111,133,138,161,190,197,220,241,264.05,1.00010307540448,2047.54776801418,1770.78911600344,2021-12-31
"Independent by age, Reference: Week, Report: Day of week",2021-12-31,2021-12-31,35-59,DE,58,FALSE,1,229.921,220,69.5082474043808,63.7518,130.975,139,172,179.75,220,267,280.2,321,363.05,395.05,1.00108786215084,2275.00244122112,1815.21419064076,2021-12-31
"Independent by age, Reference: Week and day of week, Report: Day of week",2021-12-31,2021-12-31,35-59,DE,58,FALSE,1,248.4025,237,72.3977500400077,63.7518,141,152,190,198,237,286,300.2,339,374.05,418.025,0.999641871056052,2900.46261032404,1692.09747381103,2021-12-31
"Reference: Fixed, Report: Fixed",2021-12-31,2021-11-22,60-79,DE,273,FALSE,6,273,273,0,0,273,273,273,273,273,273,273,273,273,273,,,,2021-12-31
"Reference: Fixed, Report: Day of week",2021-12-31,2021-11-22,60-79,DE,273,FALSE,6,273,273,0,0,273,273,273,273,273,273,273,273,273,273,,,,2021-12-31
"Reference: Age, Report: Day of week",2021-12-31,2021-11-22,60-79,DE,273,FALSE,6,273,273,0,0,273,273,273,273,273,273,273,273,273,273,,,,2021-12-31
"Reference: Age and week, Report: Day of week",2021-12-31,2021-11-22,60-79,DE,273,FALSE,6,273,273,0,0,273,273,273,273,273,273,273,273,273,273,,,,2021-12-31
"Reference: Age and week by age, Report: Day of week",2021-12-31,2021-11-22,60-79,DE,273,FALSE,6,273,273,0,0,273,273,273,273,273,273,273,273,273,273,,,,2021-12-31
"Independent by age, Reference: Week, Report: Day of week",2021-12-31,2021-11-22,60-79,DE,273,FALSE,1,273,273,0,0,273,273,273,273,273,273,273,273,273,273,,,,2021-12-31
"Independent by age, Reference: Week and day of week, Report: Day of week",2021-12-31,2021-11-22,60-79,DE,273,FALSE,1,273,273,0,0,273,273,273,273,273,273,273,273,273,273,,,,2021-12-31
"Reference: Fixed, Report: Fixed",2021-12-31,2021-11-23,60-79,DE,549,FALSE,6,550.108,550,1.23939664838421,1.4826,549,549,549,549,550,551,551,552,552,553,1.00089003663214,1914.2225640291,1891.27019682754,2021-12-31
"Reference: Fixed, Report: Day of week",2021-12-31,2021-11-23,60-79,DE,549,FALSE,6,549.132,549,0.358664634665979,0,549,549,549,549,549,549,549,550,550,550,0.999722147765921,1891.79043596784,1774.21983551257,2021-12-31
"Reference: Age, Report: Day of week",2021-12-31,2021-11-23,60-79,DE,549,FALSE,6,549.087,549,0.292358917887644,0,549,549,549,549,549,549,549,549,550,550,0.999887020401016,2257.29243723361,2014.81611407139,2021-12-31
"Reference: Age and week, Report: Day of week",2021-12-31,2021-11-23,60-79,DE,549,FALSE,6,549.102,549,0.312481715323002,0,549,549,549,549,549,549,549,549,550,550,1.00119525454549,2174.79657147318,2017.99785430585,2021-12-31
"Reference: Age and week by age, Report: Day of week",2021-12-31,2021-11-23,60-79,DE,549,FALSE,6,549.0875,549,0.298141231796356,0,549,549,549,549,549,549,549,549,550,550,1.00229923793632,1823.94114216937,1791.09189451712,2021-12-31
"Independent by age, Reference: Week, Report: Day of week",2021-12-31,2021-11-23,60-79,DE,549,FALSE,1,549.292,549,0.557576403484636,0,549,549,549,549,549,549,550,550,550,551,0.999316438911526,1937.90513283093,1710.36584755036,2021-12-31
"Independent by age, Reference: Week and day of week, Report: Day of week",2021-12-31,2021-11-23,60-79,DE,549,FALSE,1,549.289,549,0.556447496991813,0,549,549,549,549,549,549,550,550,550,551,1.00157352546808,1565.60352617997,1663.97416648301,2021-12-31
"Reference: Fixed, Report: Fixed",2021-12-31,2021-11-24,60-79,DE,695,FALSE,6,698.053,698,2.10199909612256,1.4826,695,695,696,696,698,699,700,701,702,703,0.999842438900514,1767.49415164735,1795.59586517961,2021-12-31
"Reference: Fixed, Report: Day of week",2021-12-31,2021-11-24,60-79,DE,695,FALSE,6,695.5295,695,0.720686786837639,0,695,695,695,695,695,696,696,696.1,697,697,0.999315067231082,2055.25550417811,2013.71346966839,2021-12-31
"Reference: Age, Report: Day of week",2021-12-31,2021-11-24,60-79,DE,695,FALSE,6,695.4145,695,0.65414348720363,0,695,695,695,695,695,696,696,696,697,697,0.999666619955214,1708.94545072538,1745.42559031617,2021-12-31
"Reference: Age and week, Report: Day of week",2021-12-31,2021-11-24,60-79,DE,695,FALSE,6,695.4005,695,0.664319509125769,0,695,695,695,695,695,696,696,696,697,697,1.00122471183486,1372.66340004025,1357.13733375932,2021-12-31
"Reference: Age and week by age, Report: Day of week",2021-12-31,2021-11-24,60-79,DE,695,FALSE,6,695.4365,695,0.676902392095206,0,695,695,695,695,695,696,696,696,697,697,0.999060211472959,2085.10179922894,2032.86825409565,2021-12-31
"Independent by age, Reference: Week, Report: Day of week",2021-12-31,2021-11-24,60-79,DE,695,FALSE,1,696.077,696,1.08011773763955,1.4826,695,695,695,695,696,697,697,698,698,699,1.00090637836181,1940.93200174236,1811.58863941318,2021-12-31
"Independent by age, Reference: Week and day of week, Report: Day of week",2021-12-31,2021-11-24,60-79,DE,695,FALSE,1,696.1235,696,1.06949504899738,1.4826,695,695,695,695,696,697,697,698,698,699,0.999774845430358,2272.48409420714,2130.67983843651,2021-12-31
"Reference: Fixed, Report: Fixed",2021-12-31,2021-11-25,60-79,DE,651,FALSE,6,655.781,655,2.68041625790806,2.9652,652,652,653,654,655,657,658,659,660.05,662,1.00013695486508,1978.34563292283,1971.18850646254,2021-12-31
"Reference: Fixed, Report: Day of week",2021-12-31,2021-11-25,60-79,DE,651,FALSE,6,652.1165,652,1.07354739159527,1.4826,651,651,651,651,652,653,653,654,654,655,1.00070786552062,2130.09236627381,1932.8733827124,2021-12-31
"Reference: Age, Report: Day of week",2021-12-31,2021-11-25,60-79,DE,651,FALSE,6,651.8715,652,0.970287833191584,1.4826,651,651,651,651,652,652,653,653,654,654,0.999295579575526,2103.42924077253,2062.65891566969,2021-12-31
"Reference: Age and week, Report: Day of week",2021-12-31,2021-11-25,60-79,DE,651,FALSE,6,651.845,652,0.93616943263669,1.4826,651,651,651,651,652,652,653,653,654,654,1.00309630873179,1995.31636129802,1745.78641694133,2021-12-31
"Reference: Age and week by age, Report: Day of week",2021-12-31,2021-11-25,60-79,DE,651,FALSE,6,651.8965,652,0.973273538472276,1.4826,651,651,651,651,652,652,653,653,654,654,0.999731968410646,1958.39731293641,1889.6321166571,2021-12-31
"Independent by age, Reference: Week, Report: Day of week",2021-12-31,2021-11-25,60-79,DE,651,FALSE,1,652.9535,653,1.49547851137654,1.4826,651,651,652,652,653,654,654,655,656,656,1.00013560727102,1936.95048777442,1983.17142740497,2021-12-31
"Independent by age, Reference: Week and day of week, Report: Day of week",2021-12-31,2021-11-25,60-79,DE,651,FALSE,1,653.0305,653,1.4726350793861,1.4826,651,651,652,652,653,654,654,655,656,656,1.00048854541092,1900.20706147369,1802.85000567435,2021-12-31
"Reference: Fixed, Report: Fixed",2021-12-31,2021-11-26,60-79,DE,596,FALSE,6,602.0785,602,3.11483367845255,2.9652,597,598,599,600,602,604,604,606,608,609,1.0008418595203,1928.68397215455,1888.97895319575,2021-12-31
"Reference: Fixed, Report: Day of week",2021-12-31,2021-11-26,60-79,DE,596,FALSE,6,597.6465,597,1.34775590259753,1.4826,596,596,596,597,597,598,599,599,600,601,1.00061929367992,1816.27779241853,1929.32571949962,2021-12-31
"Reference: Age, Report: Day of week",2021-12-31,2021-11-26,60-79,DE,596,FALSE,6,597.393,597,1.2203670135758,1.4826,596,596,596,596,597,598,598,599,600,600,1.0028857309293,1747.81085720427,1697.77024138525,2021-12-31
"Reference: Age and week, Report: Day of week",2021-12-31,2021-11-26,60-79,DE,596,FALSE,6,597.4165,597,1.20820429928651,1.4826,596,596,596,597,597,598,598,599,600,600,1.00431221193356,1922.34318336654,1891.55964921648,2021-12-31
"Reference: Age and week by age, Report: Day of week",2021-12-31,2021-11-26,60-79,DE,596,FALSE,6,597.424,597,1.21530345232811,1.4826,596,596,596,597,597,598,598,599,600,600,0.999638676295679,2063.01670799745,2045.55533981481,2021-12-31
"Independent by age, Reference: Week, Report: Day of week",2021-12-31,2021-11-26,60-79,DE,596,FALSE,1,598.924,599,1.84497316050437,1.4826,596,596,597,598,599,600,600,601,602,603,1.00069527664103,1995.51694975698,1961.10689644338,2021-12-31
"Independent by age, Reference: Week and day of week, Report: Day of week",2021-12-31,2021-11-26,60-79,DE,596,FALSE,1,599.159,599,1.90040121089763,1.4826,596,596,597,598,599,600,601,602,602,603,1.00048623572315,1964.13023345441,1821.0241000138,2021-12-31
"Reference: Fixed, Report: Fixed",2021-12-31,2021-11-27,60-79,DE,572,FALSE,6,580.5115,580,3.69712078529368,2.9652,574,575,577,578,580,583,583,585,587,589,0.999210952014075,2086.18307074539,2001.85601016519,2021-12-31
"Reference: Fixed, Report: Day of week",2021-12-31,2021-11-27,60-79,DE,572,FALSE,6,574.606,574,1.62329342411358,1.4826,572,572,573,573,574,576,576,577,578,578,1.00136075064264,1651.9743490144,1787.37139623012,2021-12-31
"Reference: Age, Report: Day of week",2021-12-31,2021-11-27,60-79,DE,572,FALSE,6,574.0205,574,1.47008854500846,1.4826,572,572,573,573,574,575,575,576,577,577,0.999312980424358,2074.68346557223,1794.2951231143,2021-12-31
"Reference: Age and week, Report: Day of week",2021-12-31,2021-11-27,60-79,DE,572,FALSE,6,574.0615,574,1.47777185479607,1.4826,572,572,573,573,574,575,575,576,577,577,1.00161749761052,2198.71423000178,2101.90146873551,2021-12-31
"Reference: Age and week by age, Report: Day of week",2021-12-31,2021-11-27,60-79,DE,572,FALSE,6,574.038,574,1.45966479393569,1.4826,572,572,573,573,574,575,575,576,577,577,0.999527537411429,1873.26808437272,1901.3626589862,2021-12-31
"Independent by age, Reference: Week, Report: Day of week",2021-12-31,2021-11-27,60-79,DE,572,FALSE,1,576.482,576,2.24370075913618,1.4826,573,573,575,575,576,578,578,579.1,581,582,1.00035188510694,1596.93032168024,1826.51391056354,2021-12-31
"Independent by age, Reference: Week and day of week, Report: Day of week",2021-12-31,2021-11-27,60-79,DE,572,FALSE,1,576.7875,577,2.34586770676627,2.9652,573,573,575,575,577,578,579,580,581,582,1.0000071015406,1866.10079403059,1674.67393958824,2021-12-31
"Reference: Fixed, Report: Fixed",2021-12-31,2021-11-28,60-79,DE,367,FALSE,6,373.67,373,3.11351039399048,2.9652,369,369,371,372,373,376,376,378,379,381,0.999592064882044,1966.82576137409,1808.62124353262,2021-12-31
"Reference: Fixed, Report: Day of week",2021-12-31,2021-11-28,60-79,DE,367,FALSE,6,369.446,369,1.62308385507351,1.4826,367,367,368,368,369,370,371,372,372,373,1.00007530135543,2040.19999972301,1888.52362349494,2021-12-31
"Reference: Age, Report: Day of week",2021-12-31,2021-11-28,60-79,DE,367,FALSE,6,368.9505,369,1.46223076475798,1.4826,367,367,368,368,369,370,370,371,372,372,0.999413454809474,1754.15263409036,1972.27154569352,2021-12-31
"Reference: Age and week, Report: Day of week",2021-12-31,2021-11-28,60-79,DE,367,FALSE,6,368.853,369,1.34621586254742,1.4826,367,367,368,368,369,370,370,371,371,372,0.999718250887547,2091.18135117985,1950.49078811323,2021-12-31
"Reference: Age and week by age, Report: Day of week",2021-12-31,2021-11-28,60-79,DE,367,FALSE,6,368.834,369,1.38144786333019,1.4826,367,367,368,368,369,370,370,371,371,372,1.00254715600371,2099.26075068771,2041.81109036554,2021-12-31
"Independent by age, Reference: Week, Report: Day of week",2021-12-31,2021-11-28,60-79,DE,367,FALSE,1,371.066,371,2.15057119813298,1.4826,368,368,369,370,371,372,373,374,375,376,0.999981936267971,1772.30969029182,1882.77633287936,2021-12-31
"Independent by age, Reference: Week and day of week, Report: Day of week",2021-12-31,2021-11-28,60-79,DE,367,FALSE,1,371.012,371,2.19938051217125,1.4826,368,368,369,369,371,372,373,374,375,376,1.0008213773673,2056.08509237844,1911.96605459709,2021-12-31
"Reference: Fixed, Report: Fixed",2021-12-31,2021-11-29,60-79,DE,262,FALSE,6,267.669,267,2.76988720665098,2.9652,263,264,265,266,267,269,270,271,273,274,0.999704548933759,1882.84622858815,1794.13730429583,2021-12-31
"Reference: Fixed, Report: Day of week",2021-12-31,2021-11-29,60-79,DE,262,FALSE,6,264.152,264,1.50500116752683,1.4826,262,262,263,263,264,265,265,266,267,267,1.00002038952212,1935.92021313572,1899.73321575557,2021-12-31
"Reference: Age, Report: Day of week",2021-12-31,2021-11-29,60-79,DE,262,FALSE,6,263.7255,264,1.35205908964473,1.4826,262,262,263,263,264,265,265,265.1,266,267,1.00111684737774,2053.0433230212,1972.8394389527,2021-12-31
"Reference: Age and week, Report: Day of week",2021-12-31,2021-11-29,60-79,DE,262,FALSE,6,263.68,263,1.3124257047983,1.4826,262,262,263,263,263,264,265,265,266,267,1.00276169444024,1953.27706386257,1869.27436044834,2021-12-31
"Reference: Age and week by age, Report: Day of week",2021-12-31,2021-11-29,60-79,DE,262,FALSE,6,263.6555,263,1.28165559747354,1.4826,262,262,263,263,263,264,265,265,266,266.025,1.00000561331774,1913.36595507984,1578.9440308406,2021-12-31
"Independent by age, Reference: Week, Report: Day of week",2021-12-31,2021-11-29,60-79,DE,262,FALSE,1,265.467,265,1.92425631899459,1.4826,262,263,264,264,265,267,267,268,269,270,0.999564623440785,2032.95275892615,1965.36228447791,2021-12-31
"Independent by age, Reference: Week and day of week, Report: Day of week",2021-12-31,2021-11-29,60-79,DE,262,FALSE,1,265.3295,265,1.94597614620036,1.4826,262,263,264,264,265,267,267,268,269,270,1.00049160215502,1994.54564795087,1927.10429017662,2021-12-31
"Reference: Fixed, Report: Fixed",2021-12-31,2021-11-30,60-79,DE,512,FALSE,6,523.0355,523,4.13748705733018,4.4478,516,517,519,520,523,526,526,529,530,532,1.001931940676,1966.08669110624,1892.79970836915,2021-12-31
"Reference: Fixed, Report: Day of week",2021-12-31,2021-11-30,60-79,DE,512,FALSE,6,516.5535,516,2.29407260882634,2.9652,513,513,515,515,516,518,518,520,521,522,0.999376214303954,1969.0372725352,1936.57353726518,2021-12-31
"Reference: Age, Report: Day of week",2021-12-31,2021-11-30,60-79,DE,512,FALSE,6,515.6665,515,1.96321289024553,1.4826,512,513,514,514,515,517,517,518,519,520,0.999276387240768,1916.04828365706,1994.2087205183,2021-12-31
"Reference: Age and week, Report: Day of week",2021-12-31,2021-11-30,60-79,DE,512,FALSE,6,515.3725,515,1.94206837283922,1.4826,512,513,514,514,515,517,517,518,519,520,1.00009593056147,1844.74561753865,1794.99949837518,2021-12-31
"Reference: Age and week by age, Report: Day of week",2021-12-31,2021-11-30,60-79,DE,512,FALSE,6,515.518,515,1.92445518624933,1.4826,512,513,514,514,515,517,517,518,519,520,1.00235046312076,2082.96762355182,2012.99930485956,2021-12-31
"Independent by age, Reference: Week, Report: Day of week",2021-12-31,2021-11-30,60-79,DE,512,FALSE,1,518.7865,519,2.82522719517425,2.9652,514,515,516,517,519,520,521,523,524,525,1.00024049457457,2003.12299125513,1929.92345711983,2021-12-31
"Independent by age, Reference: Week and day of week, Report: Day of week",2021-12-31,2021-11-30,60-79,DE,512,FALSE,1,518.913,519,2.85841149209295,2.9652,514,515,517,517,519,521,521,523,524,525,1.00032445623978,1886.85541732126,1418.85785057329,2021-12-31
"Reference: Fixed, Report: Fixed",2021-12-31,2021-12-01,60-79,DE,597,FALSE,6,613.0065,613,5.27772535686267,5.9304,604,605,609,609,613,616,617,620,622,625,1.0000642044859,2115.81143660675,2029.94577789859,2021-12-31
"Reference: Fixed, Report: Day of week",2021-12-31,2021-12-01,60-79,DE,597,FALSE,6,604.333,604,2.83868632822209,2.9652,599,600,602,602,604,606,606,608,609,610,1.00007615637315,2041.61333424874,1960.83947033193,2021-12-31
"Reference: Age, Report: Day of week",2021-12-31,2021-12-01,60-79,DE,597,FALSE,6,603.0025,603,2.51906065494494,2.9652,599,599,601,601,603,605,605,606,607,608,1.00088366808332,2172.45569910772,1933.60695268814,2021-12-31
"Reference: Age and week, Report: Day of week",2021-12-31,2021-12-01,60-79,DE,597,FALSE,6,602.731,603,2.49694941442335,2.9652,598,599,601,601,603,604,605,606,607,608,1.00002087338315,2172.77811293426,1903.9427906868,2021-12-31
"Reference: Age and week by age, Report: Day of week",2021-12-31,2021-12-01,60-79,DE,597,FALSE,6,603.0995,603,2.60691345250939,2.9652,598,599,601,601,603,605,605,607,608,609,1.00087907367827,1954.67989121691,2100.20952086436,2021-12-31
"Independent by age, Reference: Week, Report: Day of week",2021-12-31,2021-12-01,60-79,DE,597,FALSE,1,607.7895,608,3.61769728097977,2.9652,602,602,605,605,608,610,611,613,614,616,1.00011723616318,1981.26469775248,1919.86983922118,2021-12-31
"Independent by age, Reference: Week and day of week, Report: Day of week",2021-12-31,2021-12-01,60-79,DE,597,FALSE,1,608.1235,608,3.6644183345881,2.9652,602,603,605,606,608,610.25,611,613,614,616,0.999839005242015,2047.37069146608,2177.15937328842,2021-12-31
"Reference: Fixed, Report: Fixed",2021-12-31,2021-12-02,60-79,DE,662,FALSE,6,682.1825,682,6.01633542083119,5.9304,672,673,677,678,682,686,687,690,693,695,0.999564258726832,1724.37408789532,1747.89620816593,2021-12-31
"Reference: Fixed, Report: Day of week",2021-12-31,2021-12-02,60-79,DE,662,FALSE,6,672.2895,672,3.43621791316753,2.9652,666,667,669,670,672,674,675,677,679,680,1.00418332961672,1799.38926059972,1680.40491512698,2021-12-31
"Reference: Age, Report: Day of week",2021-12-31,2021-12-02,60-79,DE,662,FALSE,6,669.6815,669,2.90573216069459,2.9652,665,665,667,668,669,672,672,674,675,676,1.00125612115593,1931.66221882302,1974.81236883572,2021-12-31
"Reference: Age and week, Report: Day of week",2021-12-31,2021-12-02,60-79,DE,662,FALSE,6,669.798,670,2.98590921277146,2.9652,665,665,667,668,670,672,672,674,675,676,1.00026276405097,1943.4368044244,1892.32644612092,2021-12-31
"Reference: Age and week by age, Report: Day of week",2021-12-31,2021-12-02,60-79,DE,662,FALSE,6,670.1345,670,2.98812218409715,2.9652,665,666,668,668,670,672,673,674,675,677,1.00026792133807,1870.18512976906,1952.83772683673,2021-12-31
"Independent by age, Reference: Week, Report: Day of week",2021-12-31,2021-12-02,60-79,DE,662,FALSE,1,676.951,677,4.36120500028688,4.4478,669,670,673,674,677,680,680,682.1,684.05,686,1.00144986246964,2117.56269086904,2058.2861668985,2021-12-31
"Independent by age, Reference: Week and day of week, Report: Day of week",2021-12-31,2021-12-02,60-79,DE,662,FALSE,1,677.315,677,4.47501820040399,4.4478,669,671,674,674,677,680,681,683,686,687,0.999267890171127,2011.81599491651,1885.73199329905,2021-12-31
"Reference: Fixed, Report: Fixed",2021-12-31,2021-12-03,60-79,DE,565,FALSE,6,586.5005,586,6.42780351901328,5.9304,575,577,581,582,586,590,592,595,598,601,1.00009397896115,2126.60411163915,1908.08369723238,2021-12-31
"Reference: Fixed, Report: Day of week",2021-12-31,2021-12-03,60-79,DE,565,FALSE,6,576.418,576,3.72454186525713,2.9652,570,571,573,574,576,579,579,581,583,584,0.999591431029779,2091.24933453563,1930.81049014927,2021-12-31
"Reference: Age, Report: Day of week",2021-12-31,2021-12-03,60-79,DE,565,FALSE,6,573.7355,573,3.16773689382724,2.9652,568,569,571,571,573,576,576,578,579,580,1.00100814950624,2188.08405243928,1938.57155356591,2021-12-31
"Reference: Age and week, Report: Day of week",2021-12-31,2021-12-03,60-79,DE,565,FALSE,6,574.0405,574,3.29321763495758,2.9652,568,569,571,572,574,576,577,578,580,581,1.00176154530559,2095.00851146211,1895.69859167299,2021-12-31
"Reference: Age and week by age, Report: Day of week",2021-12-31,2021-12-03,60-79,DE,565,FALSE,6,574.611,574,3.31499224535947,2.9652,569,569,572,572,574,577,577,579,580,581,0.999793069113517,1784.25337105718,1906.9229255252,2021-12-31
"Independent by age, Reference: Week, Report: Day of week",2021-12-31,2021-12-03,60-79,DE,565,FALSE,1,580.4815,580,4.40753569871734,4.4478,573,574,577,577,580,583,584,586,588,590,1.00064427576585,1902.02058244959,1949.98174042959,2021-12-31
"Independent by age, Reference: Week and day of week, Report: Day of week",2021-12-31,2021-12-03,60-79,DE,565,FALSE,1,580.925,581,4.3839462236946,4.4478,573,574,577,578,581,584,585,587,588,590,1.00071426981309,1937.26355314101,1883.09210812611,2021-12-31
"Reference: Fixed, Report: Fixed",2021-12-31,2021-12-04,60-79,DE,522,FALSE,6,544.358,544,6.44667478688851,5.9304,533,535,539,540,544,549,550,553,555,559,1.00051350308561,1901.61759233868,1865.344742303,2021-12-31
"Reference: Fixed, Report: Day of week",2021-12-31,2021-12-04,60-79,DE,522,FALSE,6,534.817,535,3.81179431343612,4.4478,528,529,532,532,535,537,538,540,542,543,1.00038111186783,2045.00184736085,1992.22572789463,2021-12-31
"Reference: Age, Report: Day of week",2021-12-31,2021-12-04,60-79,DE,522,FALSE,6,531.897,532,3.41294815482945,2.9652,526,527,529,530,532,534,535,536,538,539,1.00093681895085,2103.89651933673,1879.09871606259,2021-12-31
"Reference: Age and week, Report: Day of week",2021-12-31,2021-12-04,60-79,DE,522,FALSE,6,531.8525,532,3.33336157650199,2.9652,526,527,529,530,532,534,535,536,538,539,0.999451677161094,2027.55842167408,2027.42218626247,2021-12-31
"Reference: Age and week by age, Report: Day of week",2021-12-31,2021-12-04,60-79,DE,522,FALSE,6,532.1905,532,3.45053080429891,2.9652,526,527,529,530,532,534,535,537,538,540,0.999949131698953,2078.56743060536,1949.48448661051,2021-12-31
"Independent by age, Reference: Week, Report: Day of week",2021-12-31,2021-12-04,60-79,DE,522,FALSE,1,538.849,539,4.72634829271945,4.4478,530,532,535,535,539,542,543,545,547,549,1.00151138635917,2121.81188315991,2086.79127383768,2021-12-31
"Independent by age, Reference: Week and day of week, Report: Day of week",2021-12-31,2021-12-04,60-79,DE,522,FALSE,1,539.693,539,4.63049368165727,4.4478,531,533,536,536,539,543,544,546,548,550,0.999651616479976,1906.85784420956,1981.23204621746,2021-12-31
"Reference: Fixed, Report: Fixed",2021-12-31,2021-12-05,60-79,DE,377,FALSE,6,396.1495,396,5.76469996034628,5.9304,386,387.95,391,392,396,400,401,404,406,409,1.00096504029864,2033.71176141689,2088.57347172841,2021-12-31
"Reference: Fixed, Report: Day of week",2021-12-31,2021-12-05,60-79,DE,377,FALSE,6,389.002,389,3.69253482132577,2.9652,382,383,386,386,389,391,392,394,395,396,0.999420073935173,2073.84310369311,1936.05484430581,2021-12-31
"Reference: Age, Report: Day of week",2021-12-31,2021-12-05,60-79,DE,377,FALSE,6,386.4945,386,3.21980641136441,2.9652,381,381,384,384,386,388,389,391,392,393,0.999805554468694,1935.37919213687,1929.99431439446,2021-12-31
"Reference: Age and week, Report: Day of week",2021-12-31,2021-12-05,60-79,DE,377,FALSE,6,385.9845,386,3.21783109694779,2.9652,380.975,381,383,384,386,388,389,390,392,393,1.00023479901357,1941.34479239607,1916.49809764949,2021-12-31
"Reference: Age and week by age, Report: Day of week",2021-12-31,2021-12-05,60-79,DE,377,FALSE,6,385.695,385,3.1937556320919,2.9652,380,381,383,383,385,388,388,390,391,393,1.0004432869526,1983.87078266656,2038.78043280705,2021-12-31
"Independent by age, Reference: Week, Report: Day of week",2021-12-31,2021-12-05,60-79,DE,377,FALSE,1,392.589,392,4.42310534923884,4.4478,384,386,389,390,392,396,396,398,400,402,1.00000983940382,1688.60158424188,1579.62046775348,2021-12-31
"Independent by age, Reference: Week and day of week, Report: Day of week",2021-12-31,2021-12-05,60-79,DE,377,FALSE,1,392.231,392,4.45337571709808,4.4478,384,385,389,389,392,395,396,398,400,402,1.00108331122757,1777.65216446773,1581.60011129339,2021-12-31
"Reference: Fixed, Report: Fixed",2021-12-31,2021-12-06,60-79,DE,280,FALSE,6,295.0205,295,4.89009573200097,4.4478,287,288,291,292,295,298,299,302,304,306,1.00047146807928,2113.80330832498,1947.46576035405,2021-12-31
"Reference: Fixed, Report: Day of week",2021-12-31,2021-12-06,60-79,DE,280,FALSE,6,289.157,289,3.26996901341195,2.9652,283,284,286,287,289,291,292,294,295,296,1.0017995015487,2009.86055443074,1886.13828892453,2021-12-31
"Reference: Age, Report: Day of week",2021-12-31,2021-12-06,60-79,DE,280,FALSE,6,287.368,287,2.8182525212686,2.9652,282.975,283,285,285,287,289,290,291,292,293,1.0006664412399,1959.76433598501,1739.43965787588,2021-12-31
"Reference: Age and week, Report: Day of week",2021-12-31,2021-12-06,60-79,DE,280,FALSE,6,286.5715,286,2.72793118576645,2.9652,282,282,284,285,286,288,289,290,291,292,0.999652044390768,2058.40122779997,1962.92717111592,2021-12-31
"Reference: Age and week by age, Report: Day of week",2021-12-31,2021-12-06,60-79,DE,280,FALSE,6,286.5045,286,2.66130062385016,2.9652,282,282,284,285,286,288,289,290,291,292,1.00080032724606,2016.05218144736,1684.66961865698,2021-12-31
"Independent by age, Reference: Week, Report: Day of week",2021-12-31,2021-12-06,60-79,DE,280,FALSE,1,291.774,292,3.65863592181624,4.4478,285,286,289,289,292,294,295,297,298,299,1.00000710294759,1777.08393084879,1946.85783406572,2021-12-31
"Independent by age, Reference: Week and day of week, Report: Day of week",2021-12-31,2021-12-06,60-79,DE,280,FALSE,1,291.5405,291,3.65089362514591,2.9652,285,286,288,289,291,294,295,296,298,299.025,1.00237309779889,1868.44243499059,1902.4276176117,2021-12-31
"Reference: Fixed, Report: Fixed",2021-12-31,2021-12-07,60-79,DE,548,FALSE,6,572.988,572,6.94953264630083,5.9304,561,563,567,568,572,577,579,582,585,588,1.00098411742872,2180.81178678333,2039.02822061935,2021-12-31
"Reference: Fixed, Report: Day of week",2021-12-31,2021-12-07,60-79,DE,548,FALSE,6,564.4055,564,4.43688096598874,4.4478,557,558,561,561,564,567,568,570,572,574,1.0004904779421,1768.60157906612,1875.64184182114,2021-12-31
"Reference: Age, Report: Day of week",2021-12-31,2021-12-07,60-79,DE,548,FALSE,6,561.418,561,4.00877926002141,4.4478,554,555,558,559,561,564,565,567,568,570,1.00119743835125,1950.39367044176,1989.74996440186,2021-12-31
"Reference: Age and week, Report: Day of week",2021-12-31,2021-12-07,60-79,DE,548,FALSE,6,559.897,560,3.82487984816863,4.4478,553,554,557,557,560,562,563,565,567,568,1.00088923155138,1956.40415989501,1813.16911780809,2021-12-31
"Reference: Age and week by age, Report: Day of week",2021-12-31,2021-12-07,60-79,DE,548,FALSE,6,560.96,561,3.88972556647526,4.4478,554,555,558,558,561,563,564,566,568,569,0.999421831219214,2200.45627779909,2038.79341472579,2021-12-31
"Independent by age, Reference: Week, Report: Day of week",2021-12-31,2021-12-07,60-79,DE,548,FALSE,1,568.8115,568,5.19157432499873,4.4478,559.975,561,564,565,568,572,573,576,578,579,0.999266947763414,1982.7581647186,2006.68777040967,2021-12-31
"Independent by age, Reference: Week and day of week, Report: Day of week",2021-12-31,2021-12-07,60-79,DE,548,FALSE,1,568.683,569,5.23881986871169,5.9304,559,560.95,564,565,569,572,573,575,578,580,1.00348991461518,1875.36216657095,1807.33951546588,2021-12-31
"Reference: Fixed, Report: Fixed",2021-12-31,2021-12-08,60-79,DE,624,FALSE,6,661.6185,661,9.32005308164725,8.8956,646,648,654,655,661,667,669,674,678,682,0.999528832103394,2170.71979682647,2009.81479559257,2021-12-31
"Reference: Fixed, Report: Day of week",2021-12-31,2021-12-08,60-79,DE,624,FALSE,6,649.926,650,5.83819889033781,5.9304,639,641,645,646,650,654,655,658,659,662,1.00104959138869,2048.05422798013,1901.32637334606,2021-12-31
"Reference: Age, Report: Day of week",2021-12-31,2021-12-08,60-79,DE,624,FALSE,6,644.944,645,5.25506154444626,5.1891,635,637,641,641,645,648,649,652,654,656,0.999970683209155,1929.38707214375,2066.09205254242,2021-12-31
"Reference: Age and week, Report: Day of week",2021-12-31,2021-12-08,60-79,DE,624,FALSE,6,644.9655,645,5.40702577336718,5.9304,635,637,640,641,645,649,649,652,654,656,1.0006234016596,1931.93423753689,1897.68289837349,2021-12-31
"Reference: Age and week by age, Report: Day of week",2021-12-31,2021-12-08,60-79,DE,624,FALSE,6,646.9475,647,5.6148470151467,5.9304,637,638,642,643,647,650,652,654,656,659,1.00096405980972,1983.90927213571,1749.45685334389,2021-12-31
"Independent by age, Reference: Week, Report: Day of week",2021-12-31,2021-12-08,60-79,DE,624,FALSE,1,655.918,655,6.68906927934761,7.413,644,645,650,651,655,660,661,665,667,670,1.00007840386654,1924.58182141942,1724.88200063424,2021-12-31
"Independent by age, Reference: Week and day of week, Report: Day of week",2021-12-31,2021-12-08,60-79,DE,624,FALSE,1,657.146,657,6.90974357542587,7.413,645,647,651,652,657,662,663,666,669,671,1.00282383719787,1931.24781165678,1817.0831322146,2021-12-31
"Reference: Fixed, Report: Fixed",2021-12-31,2021-12-09,60-79,DE,578,FALSE,6,616.6935,616,9.29014053206693,8.8956,600,603,609,610,616,622,624,629,633,636.025,1.00103094043278,2290.56940668333,1934.73438909635,2021-12-31
"Reference: Fixed, Report: Day of week",2021-12-31,2021-12-09,60-79,DE,578,FALSE,6,605.9115,606,6.19215949161396,5.9304,595,596,601,602,606,610,611,614,617,619,1.0022515644378,1983.64177801358,1829.17220749918,2021-12-31
"Reference: Age, Report: Day of week",2021-12-31,2021-12-09,60-79,DE,578,FALSE,6,600.828,601,5.43968851181323,5.9304,591,592,596,597,601,604,605,608,610,612,0.999328698079835,1703.51805125434,1791.60213142847,2021-12-31
"Reference: Age and week, Report: Day of week",2021-12-31,2021-12-09,60-79,DE,578,FALSE,6,601.4595,601,5.39313477500337,5.9304,592,593,597,598,601,605,606,608,611,613,0.999352919137779,2199.96274403334,1960.32380824211,2021-12-31
"Reference: Age and week by age, Report: Day of week",2021-12-31,2021-12-09,60-79,DE,578,FALSE,6,601.9925,602,5.68248088817924,5.9304,592,593,597,598,602,606,607,610,612,614,0.999931715878255,2095.60317119268,1851.77416930067,2021-12-31
"Independent by age, Reference: Week, Report: Day of week",2021-12-31,2021-12-09,60-79,DE,578,FALSE,1,612.1745,612,7.13501955162009,7.413,599,601,606,607,612,617,618,622,625,627,1.00010596081199,1683.88354316147,1776.62673127989,2021-12-31
"Independent by age, Reference: Week and day of week, Report: Day of week",2021-12-31,2021-12-09,60-79,DE,578,FALSE,1,613.3265,613,7.17242076009069,7.413,600,602,607,608,613,618,619,623,626,628,1.00057654665812,1521.16456150301,1877.05939027742,2021-12-31
"Reference: Fixed, Report: Fixed",2021-12-31,2021-12-10,60-79,DE,482,FALSE,6,520.599,520,9.68943453307702,8.8956,504,506,512,514,520,527,528,533,538,542,1.00016365055464,2221.3899320636,1857.6060253103,2021-12-31
"Reference: Fixed, Report: Day of week",2021-12-31,2021-12-10,60-79,DE,482,FALSE,6,510.5285,510,6.2391226206525,5.9304,499,501,505,506,510,515,516,519,521,524,0.999127423785095,2062.82876001299,1865.12026591622,2021-12-31
"Reference: Age, Report: Day of week",2021-12-31,2021-12-10,60-79,DE,482,FALSE,6,505.704,505,5.49913668243717,5.9304,496,497,501,502,505,509,510,513,515,517,0.999475069779358,2087.3046111132,1845.01299565169,2021-12-31
"Reference: Age and week, Report: Day of week",2021-12-31,2021-12-10,60-79,DE,482,FALSE,6,505.197,505,5.34616514343416,5.9304,495,497,501,501,505,509,510,512,515,516,0.999331903491754,2038.37029701974,1902.19396413778,2021-12-31
"Reference: Age and week by age, Report: Day of week",2021-12-31,2021-12-10,60-79,DE,482,FALSE,6,505.39,505,5.71149810516494,5.9304,495,497,501,501,505,509,510,513,516,517,1.00055115529941,1807.38756627178,2001.3693341438,2021-12-31
"Independent by age, Reference: Week, Report: Day of week",2021-12-31,2021-12-10,60-79,DE,482,FALSE,1,514.716,515,6.7686225427012,7.413,502,504,509,510,515,519,520,523,526,528,1.00079650778025,1721.3020765127,1981.09606270683,2021-12-31
"Independent by age, Reference: Week and day of week, Report: Day of week",2021-12-31,2021-12-10,60-79,DE,482,FALSE,1,515.4995,515,6.98544185781934,7.413,503,504,510,511,515,520,521,525,528,530,1.00015521576849,1929.9545214577,1736.82175110429,2021-12-31
"Reference: Fixed, Report: Fixed",2021-12-31,2021-12-11,60-79,DE,429,FALSE,6,469.7425,469,9.96372579238474,10.3782,453,455,461,462,469,476,478,483,487,491.025,1.00121712602826,2248.07867712309,2063.76160064263,2021-12-31
"Reference: Fixed, Report: Day of week",2021-12-31,2021-12-11,60-79,DE,429,FALSE,6,461.2055,461,6.61355723643939,5.9304,450,451,455,457,461,465,467,470,472.05,475,1.00078476710221,2026.61860828377,1961.10218067228,2021-12-31
"Reference: Age, Report: Day of week",2021-12-31,2021-12-11,60-79,DE,429,FALSE,6,456.0205,456,5.92888316445761,5.9304,446,447,451,452,456,460,461,464,466,468,1.00289629164219,2135.27403874714,1747.75590519752,2021-12-31
"Reference: Age and week, Report: Day of week",2021-12-31,2021-12-11,60-79,DE,429,FALSE,6,453.97,454,5.87821203159125,5.9304,443,445,449,450,454,458,459,462,465,466,1.00067231939386,2198.15847037375,1969.21230917051,2021-12-31
"Reference: Age and week by age, Report: Day of week",2021-12-31,2021-12-11,60-79,DE,429,FALSE,6,454.342,454,5.9383219712236,5.9304,444,445,449,450,454,458,459,462,464,467,1.0003146559269,2087.68286832538,1611.78888956029,2021-12-31
"Independent by age, Reference: Week, Report: Day of week",2021-12-31,2021-12-11,60-79,DE,429,FALSE,1,465.586,466,7.16486368578062,7.413,452,454,459,461,466,470,471,475,477,480.025,0.999426947167379,1989.47545997062,1944.54065027609,2021-12-31
"Independent by age, Reference: Week and day of week, Report: Day of week",2021-12-31,2021-12-11,60-79,DE,429,FALSE,1,466.8715,466,7.50007422007631,7.413,453,455,461,462,466,472,473,477,480,482,1.00019990610901,2184.44920988716,2028.02857888982,2021-12-31
"Reference: Fixed, Report: Fixed",2021-12-31,2021-12-12,60-79,DE,328,FALSE,6,359.181,358,7.84710312878306,7.413,345,347,353,354,358,364,366,370,372,376,0.999683552944833,2204.18300059811,2011.43632985706,2021-12-31
"Reference: Fixed, Report: Day of week",2021-12-31,2021-12-12,60-79,DE,328,FALSE,6,355.019,355,5.92369682647973,5.9304,344.975,346,350,351,355,359,360,363,366,368,0.999985125989986,1992.80683031182,1967.85393812312,2021-12-31
"Reference: Age, Report: Day of week",2021-12-31,2021-12-12,60-79,DE,328,FALSE,6,351.0585,351,5.462050416041,5.9304,341,343,347,347,351,355,356,358,360.05,362,0.999850637103282,1959.62412320853,1833.04971530628,2021-12-31
"Reference: Age and week, Report: Day of week",2021-12-31,2021-12-12,60-79,DE,328,FALSE,6,347.8515,348,5.17753330994478,4.4478,339,340,343,344,348,351,352,355,357,359,1.00114913920878,1752.86101691612,1673.49791801206,2021-12-31
"Reference: Age and week by age, Report: Day of week",2021-12-31,2021-12-12,60-79,DE,328,FALSE,6,348.281,348,5.09549026203615,4.4478,339,340,344,345,348,351,352,355,357,359,0.999634742257043,2023.77791722521,1797.89390177333,2021-12-31
"Independent by age, Reference: Week, Report: Day of week",2021-12-31,2021-12-12,60-79,DE,328,FALSE,1,358.6515,358,6.56799947156889,5.9304,347,349,353,354,358,363,364,367,370,373,1.00043108737516,2073.66369261906,1666.52560555014,2021-12-31
"Independent by age, Reference: Week and day of week, Report: Day of week",2021-12-31,2021-12-12,60-79,DE,328,FALSE,1,358.0935,358,6.50668319599983,5.9304,347,348,352,353,358,362,363,366,369,372,1.00151183985195,2007.82782411562,1714.32773757251,2021-12-31
"Reference: Fixed, Report: Fixed",2021-12-31,2021-12-13,60-79,DE,207,FALSE,6,231.2085,231,6.7949329140657,7.413,219,221,225,226,231,236,237,240,243,246,1.00025850817537,2125.69963420189,1813.81936916186,2021-12-31
"Reference: Fixed, Report: Day of week",2021-12-31,2021-12-13,60-79,DE,207,FALSE,6,226.073,226,4.92745481008733,4.4478,217,219,222,222,226,229,230,232,235,236.025,1.00012808176088,1957.15000802086,1567.4122627229,2021-12-31
"Reference: Age, Report: Day of week",2021-12-31,2021-12-13,60-79,DE,207,FALSE,6,223.3085,223,4.54253729456746,4.4478,215,216,219,220,223,226,227,229,231,233,0.999969355529565,1904.74188969401,1921.71290161304,2021-12-31
"Reference: Age and week, Report: Day of week",2021-12-31,2021-12-13,60-79,DE,207,FALSE,6,221.152,221,4.22774560687587,4.4478,214,215,218,218,221,224,225,227,229,230,1.00331268115293,1985.51196871537,1980.55758920857,2021-12-31
"Reference: Age and week by age, Report: Day of week",2021-12-31,2021-12-13,60-79,DE,207,FALSE,6,220.696,220,4.22889178897751,4.4478,213,214,217,218,220,223,224,226,228,230,0.999368808953097,2066.64916564703,2051.76336734013,2021-12-31
"Independent by age, Reference: Week, Report: Day of week",2021-12-31,2021-12-13,60-79,DE,207,FALSE,1,228.241,228,5.31347678246164,5.9304,219,220,224,224,228,232,233,235,237.05,239,1.0002561141681,2118.18343752607,1928.10103943705,2021-12-31
"Independent by age, Reference: Week and day of week, Report: Day of week",2021-12-31,2021-12-13,60-79,DE,207,FALSE,1,227.0645,227,5.25938877961761,4.4478,217,219,223,223,227,230,231,234,236,238,0.999875470947524,1998.61619329929,1690.21638352775,2021-12-31
"Reference: Fixed, Report: Fixed",2021-12-31,2021-12-14,60-79,DE,406,FALSE,6,444.635,444,9.27802866496725,8.8956,428.975,430,437,438,444,451,452,457,461,464,0.999645864769505,2251.03989495599,2102.63226752385,2021-12-31
"Reference: Fixed, Report: Day of week",2021-12-31,2021-12-14,60-79,DE,406,FALSE,6,437.3455,437,6.63295769728007,7.413,425,427,432,433,437,442,443,446,449,451,1.00115078769994,2052.29196507194,1852.47862546838,2021-12-31
"Reference: Age, Report: Day of week",2021-12-31,2021-12-14,60-79,DE,406,FALSE,6,430.082,430,5.69442615586701,5.9304,420,421,425,426,430,434,435,438,440,442,1.00223132234589,1917.09593501597,1739.11289896601,2021-12-31
"Reference: Age and week, Report: Day of week",2021-12-31,2021-12-14,60-79,DE,406,FALSE,6,430.4865,430,5.7047427457246,5.9304,420.975,422,426,426,430,434,435,438,440,442.025,1.00152797576209,1946.52197702757,1909.81365354461,2021-12-31
"Reference: Age and week by age, Report: Day of week",2021-12-31,2021-12-14,60-79,DE,406,FALSE,6,430.0025,430,5.78508663406883,5.9304,420,421,425,426,430,434,435,438,440,442,0.999678566033851,2099.3555565853,1983.3345424778,2021-12-31
"Independent by age, Reference: Week, Report: Day of week",2021-12-31,2021-12-14,60-79,DE,406,FALSE,1,440.559,440,7.03500281679518,7.413,428,430,434.8,436,440,445,446.2,450,452,455,0.999411488274406,1887.83661849995,1857.80467371016,2021-12-31
"Independent by age, Reference: Week and day of week, Report: Day of week",2021-12-31,2021-12-14,60-79,DE,406,FALSE,1,440.093,440,6.93782514256841,7.413,428,430,434,435,440,445,446,449,452,455,0.999685003660993,1977.01743330515,1989.32721930795,2021-12-31
"Reference: Fixed, Report: Fixed",2021-12-31,2021-12-15,60-79,DE,545,FALSE,6,609.85,609,14.1503928146325,14.826,585,588,597,600,609,619,621,628,636,641,1.00084705928482,2088.40904118248,1968.46330608527,2021-12-31
"Reference: Fixed, Report: Day of week",2021-12-31,2021-12-15,60-79,DE,545,FALSE,6,603.7915,603,10.0224374468583,8.8956,586,588,595.8,597,603,610,612,617,621,625,0.999769474047122,2121.36193496162,2030.91564250926,2021-12-31
"Reference: Age, Report: Day of week",2021-12-31,2021-12-15,60-79,DE,545,FALSE,6,591.5895,591,8.72846394226359,8.8956,576,578,584,586,591,597,599,603,606,610,1.00089030062331,2234.11329677763,1926.13739291543,2021-12-31
"Reference: Age and week, Report: Day of week",2021-12-31,2021-12-15,60-79,DE,545,FALSE,6,592.711,593,8.78265600620118,8.8956,577,579,585,587,593,598,600,604,608,612,1.00296103752388,2250.9833876132,1730.0978259325,2021-12-31
"Reference: Age and week by age, Report: Day of week",2021-12-31,2021-12-15,60-79,DE,545,FALSE,6,595.1455,595,9.39582196964388,8.8956,578,581,587,588,595,601,603,608,611,615,0.999287993053183,1993.03596812405,2046.99284418403,2021-12-31
"Independent by age, Reference: Week, Report: Day of week",2021-12-31,2021-12-15,60-79,DE,545,FALSE,1,608.589,608,10.4806011516635,10.3782,589,592,600,601,608,616,618,623,626,630,1.00072453924388,2028.38316529807,1835.32670907124,2021-12-31
"Independent by age, Reference: Week and day of week, Report: Day of week",2021-12-31,2021-12-15,60-79,DE,545,FALSE,1,611.303,611,11.1644307179824,10.3782,590,594,602,604,611,619,621,626,630,633,1.00147022517851,1700.32500908698,1701.9617975371,2021-12-31
"Reference: Fixed, Report: Fixed",2021-12-31,2021-12-16,60-79,DE,407,FALSE,6,470.019,469,13.9892633381595,13.3434,446,449,458,460,469,478,481,489,495,501,1.00004147808555,2293.7761538782,1767.8884570314,2021-12-31
"Reference: Fixed, Report: Day of week",2021-12-31,2021-12-16,60-79,DE,407,FALSE,6,461.927,462,9.29805882692589,8.8956,445,447,454,455,462,468,469,474,478,481.025,1.00116240737681,2336.22032013435,1802.77168276695,2021-12-31
"Reference: Age, Report: Day of week",2021-12-31,2021-12-16,60-79,DE,407,FALSE,6,450.5465,450,8.36330139090285,8.8956,435,438,443,445,450,456,457,461,465,468,1.00033160318531,2097.10843627823,1993.48587326241,2021-12-31
"Reference: Age and week, Report: Day of week",2021-12-31,2021-12-16,60-79,DE,407,FALSE,6,450.5755,450,8.42495042387921,8.8956,435,437,443,445,450,456,457,461,465,468,0.999845053149722,1921.29096530147,1854.52881920138,2021-12-31
"Reference: Age and week by age, Report: Day of week",2021-12-31,2021-12-16,60-79,DE,407,FALSE,6,452.7035,452,8.86481134543173,8.8956,436,439,446,447,452,458,460,465,468,471,1.00080411338588,1916.58908539815,1802.34490808148,2021-12-31
"Independent by age, Reference: Week, Report: Day of week",2021-12-31,2021-12-16,60-79,DE,407,FALSE,1,466.056,465,10.4976170620761,10.3782,447,450,457,459,465,473,475,480,484,488,1.00029891436189,1936.01408333755,1931.45429495763,2021-12-31
"Independent by age, Reference: Week and day of week, Report: Day of week",2021-12-31,2021-12-16,60-79,DE,407,FALSE,1,467.061,467,10.522672774593,10.3782,448,451,458,460,467,474,476,481,485,488,1.00023610073058,1913.6488758129,1983.61830616782,2021-12-31
"Reference: Fixed, Report: Fixed",2021-12-31,2021-12-17,60-79,DE,391,FALSE,6,456.093,455,14.6579595745603,14.826,430,434,444,446,455,465,468,476,482,488,1.00097964953061,2299.10378571047,1759.45963549255,2021-12-31
"Reference: Fixed, Report: Day of week",2021-12-31,2021-12-17,60-79,DE,391,FALSE,6,451.631,451,10.3179488772971,10.3782,433,435,443,444,451,458,460,465,470,474,1.00042770787963,1919.56745712173,1971.5658355724,2021-12-31
"Reference: Age, Report: Day of week",2021-12-31,2021-12-17,60-79,DE,391,FALSE,6,439.6045,439,9.16815724688728,8.8956,423,426,432,433,439,446,447,452,456,459,1.00103265955168,2250.8570078058,1933.42552816929,2021-12-31
"Reference: Age and week, Report: Day of week",2021-12-31,2021-12-17,60-79,DE,391,FALSE,6,436.6035,436,8.78224639120527,8.8956,420,423,429,431,436,442,444,448,451.05,455,0.999694562505186,2255.06966413732,2094.87781979638,2021-12-31
"Reference: Age and week by age, Report: Day of week",2021-12-31,2021-12-17,60-79,DE,391,FALSE,6,438.8515,438,8.98286110584058,8.8956,422,425,431,432.75,438,445,447,451,454.05,457,1.00037793272511,2249.34315217364,2073.42355835275,2021-12-31
"Independent by age, Reference: Week, Report: Day of week",2021-12-31,2021-12-17,60-79,DE,391,FALSE,1,452.027,451,11.0862853951146,10.3782,432,435,443,444,451,459,461,467,471,474,0.999475581798947,1960.36711204571,1858.72289752276,2021-12-31
"Independent by age, Reference: Week and day of week, Report: Day of week",2021-12-31,2021-12-17,60-79,DE,391,FALSE,1,451.6375,451,10.9435814401579,10.3782,431,434,443,444,451,459,460,466,470,474,0.999413357286895,1856.14185311254,1936.02106060764,2021-12-31
"Reference: Fixed, Report: Fixed",2021-12-31,2021-12-18,60-79,DE,371,FALSE,6,434.389,433,14.1513182744383,13.3434,410.975,414,423,425,433,443,445,453,460,465,0.999401164765495,2393.35970150751,2065.07275355387,2021-12-31
"Reference: Fixed, Report: Day of week",2021-12-31,2021-12-18,60-79,DE,371,FALSE,6,437.0655,437,10.6077552755516,10.3782,418,420,428,429,437,444,446,451,455,458,1.0003688601192,2287.69005084844,1938.47733596454,2021-12-31
"Reference: Age, Report: Day of week",2021-12-31,2021-12-18,60-79,DE,371,FALSE,6,424.479,424,9.62672820578072,8.8956,407,409,417,418,424,431,432,437,441,445,1.0012902681959,2104.79105987438,1987.65685753844,2021-12-31
"Reference: Age and week, Report: Day of week",2021-12-31,2021-12-18,60-79,DE,371,FALSE,6,418.105,418,9.22526572863253,8.8956,401,404,410,411,418,424,426,430,434,437,0.999740398701289,1811.69369006161,1700.63946332948,2021-12-31
"Reference: Age and week by age, Report: Day of week",2021-12-31,2021-12-18,60-79,DE,371,FALSE,6,418.863,418,9.29862695410542,8.8956,403,405,411,412,418,425,426,431,435,439,1.00026940113756,2026.04551785029,1879.6859557016,2021-12-31
"Independent by age, Reference: Week, Report: Day of week",2021-12-31,2021-12-18,60-79,DE,371,FALSE,1,437.211,437,11.479693841098,11.8608,417,419,427,429,437,444.25,446,452,457,462,1.00144087621339,1904.81763360499,1792.98830872858,2021-12-31
"Independent by age, Reference: Week and day of week, Report: Day of week",2021-12-31,2021-12-18,60-79,DE,371,FALSE,1,439.258,439,12.0061030003339,11.8608,418,421,429,431,439,447,449,455,460,464,1.00095840757808,1819.27774069462,1794.99792397512,2021-12-31
"Reference: Fixed, Report: Fixed",2021-12-31,2021-12-19,60-79,DE,215,FALSE,6,261.536,261,11.0876134305717,10.3782,242,245,252,253,261,268,270,276,282,286,0.999509440870986,2238.58104914497,1986.20178558727,2021-12-31
"Reference: Fixed, Report: Day of week",2021-12-31,2021-12-19,60-79,DE,215,FALSE,6,263.7505,263,9.05490173180727,8.8956,247,250,256,257,263,270,271,276,280,283,1.00080397427662,2270.31163630297,2113.62675070961,2021-12-31
"Reference: Age, Report: Day of week",2021-12-31,2021-12-19,60-79,DE,215,FALSE,6,254.5985,254,8.10901817965153,7.413,239,242,248,249,254,260,261,265,268,272,1.00061192119578,1918.76202908303,1821.38850088662,2021-12-31
"Reference: Age and week, Report: Day of week",2021-12-31,2021-12-19,60-79,DE,215,FALSE,6,250.049,250,7.79897499710717,7.413,236,238,243,245,250,255,257,260,264,266,1.0003562627099,1980.45970530251,1911.16021595378,2021-12-31
"Reference: Age and week by age, Report: Day of week",2021-12-31,2021-12-19,60-79,DE,215,FALSE,6,247.168,246,7.44791996169924,7.413,234,236,241,242,246,252,254,257,260,263,0.999710548333244,2139.21289752095,2112.63684921202,2021-12-31
"Independent by age, Reference: Week, Report: Day of week",2021-12-31,2021-12-19,60-79,DE,215,FALSE,1,263.24,263,9.37162278673381,8.8956,246,249,255.8,257,263,269,271,276,279,282,1.00286347032599,2112.46186655555,1871.86399660357,2021-12-31
"Independent by age, Reference: Week and day of week, Report: Day of week",2021-12-31,2021-12-19,60-79,DE,215,FALSE,1,260.5095,260,9.19451898359397,8.8956,244,246,253,254,260,267,268,272,276,280,0.999828664863184,1743.33803756799,1722.78709867093,2021-12-31
"Reference: Fixed, Report: Fixed",2021-12-31,2021-12-20,60-79,DE,146,FALSE,6,188.6385,188,10.9131281460893,10.3782,170,172,179,181,188,195,198,203,208,213,1.00032773085046,2129.14932973177,2007.33477807531,2021-12-31
"Reference: Fixed, Report: Day of week",2021-12-31,2021-12-20,60-79,DE,146,FALSE,6,183.8095,184,7.77318602379232,7.413,169,171,177,178,184,189,190,194,197,200,1.00114867390139,2266.60113190315,1942.50329743149,2021-12-31
"Reference: Age, Report: Day of week",2021-12-31,2021-12-20,60-79,DE,146,FALSE,6,176.7815,176,7.04589100398381,7.413,164,166,171,172,176,181,182,186,189,192,0.999908410208978,2270.10520248646,2071.14157495131,2021-12-31
"Reference: Age and week, Report: Day of week",2021-12-31,2021-12-20,60-79,DE,146,FALSE,6,177.0245,177,7.23256903025396,7.413,164,166,171,172,177,182,183,186,190,193,0.999824341029952,2160.0159363679,1796.77311378659,2021-12-31
"Reference: Age and week by age, Report: Day of week",2021-12-31,2021-12-20,60-79,DE,146,FALSE,6,171.883,171,6.88287715995277,7.413,160,161,166,167,171,177,178,180,183,186,1.00026847872372,2019.95723641465,1592.71785864694,2021-12-31
"Independent by age, Reference: Week, Report: Day of week",2021-12-31,2021-12-20,60-79,DE,146,FALSE,1,182.495,182,7.79957637925599,7.413,168.975,170,176,177,182,188,189,193,196,199,1.00174450013321,2203.50191809198,1934.45665248577,2021-12-31
"Independent by age, Reference: Week and day of week, Report: Day of week",2021-12-31,2021-12-20,60-79,DE,146,FALSE,1,179.585,179,7.37570169460126,7.413,167,168,173,174,179,185,186,189,192,195,1.00013225837111,1863.71088065295,1418.29647366948,2021-12-31
"Reference: Fixed, Report: Fixed",2021-12-31,2021-12-21,60-79,DE,324,FALSE,6,393.0595,392,16.0841322241737,14.826,366,369,379,382,392,402.25,406,414,422,429.025,1.00077225970542,2167.45282481824,1746.56166825983,2021-12-31
"Reference: Fixed, Report: Day of week",2021-12-31,2021-12-21,60-79,DE,324,FALSE,6,390.763,390,11.2021236730985,11.8608,370,373,381,383,390,398,400,405,410,413,1.00054347393509,2303.76452884927,2039.7026825833,2021-12-31
"Reference: Age, Report: Day of week",2021-12-31,2021-12-21,60-79,DE,324,FALSE,6,379.169,379,10.7899328230144,10.3782,359.975,362,370,372,379,386,388,393.1,398,402,1.00099917252131,2175.24873710231,1715.70457529007,2021-12-31
"Reference: Age and week, Report: Day of week",2021-12-31,2021-12-21,60-79,DE,324,FALSE,6,380.882,380,10.789915993351,10.3782,361,364,372,373,380,388,390,395,399,403,1.00123862287652,1743.93481209011,1612.92921394016,2021-12-31
"Reference: Age and week by age, Report: Day of week",2021-12-31,2021-12-21,60-79,DE,324,FALSE,6,378.538,378,10.7543658200796,10.3782,360,362,369,371,378,386,388,393,397,401,0.999958877629856,2037.21885698572,2013.33101772149,2021-12-31
"Independent by age, Reference: Week, Report: Day of week",2021-12-31,2021-12-21,60-79,DE,324,FALSE,1,389.1015,389,11.3677971109436,11.8608,368,371,379,381,389,397,399,404,409,412.025,1.00029616059653,1956.32181927248,1862.72852135919,2021-12-31
"Independent by age, Reference: Week and day of week, Report: Day of week",2021-12-31,2021-12-21,60-79,DE,324,FALSE,1,385.8545,385,11.0929642872561,10.3782,365,368,376,378,385,393,395,400,405,409,0.999673444477931,1903.90058977034,1865.64440955152,2021-12-31
"Reference: Fixed, Report: Fixed",2021-12-31,2021-12-22,60-79,DE,348,FALSE,6,434.706,433,19.71326635632,19.2738,401,406,418,421,433,446.25,450,460,468.05,480.025,0.999716836016229,2399.85745367995,1897.05308589611,2021-12-31
"Reference: Fixed, Report: Day of week",2021-12-31,2021-12-22,60-79,DE,348,FALSE,6,436.4255,436,13.8905335826816,13.3434,411.975,415,425,427,436,446,448,454,460,466,1.00104738352817,2238.24749712662,1946.99316675702,2021-12-31
"Reference: Age, Report: Day of week",2021-12-31,2021-12-22,60-79,DE,348,FALSE,6,420.972,420,13.6543559613172,13.3434,396,400,410,412,420,430,432,439,445,449.025,1.00007706508897,2391.17659863802,1979.27428566686,2021-12-31
"Reference: Age and week, Report: Day of week",2021-12-31,2021-12-22,60-79,DE,348,FALSE,6,421.574,421,13.0552573269138,13.3434,397,401,410,412,421,430,432,439,444,448.025,1.00021812015039,2140.49386967377,1775.20492425357,2021-12-31
"Reference: Age and week by age, Report: Day of week",2021-12-31,2021-12-22,60-79,DE,348,FALSE,6,426.7205,425,14.5571747058867,13.3434,401,404,415,417,425,435,438,446,452,458,1.00043015694616,2149.4862543113,1976.69602946421,2021-12-31
"Independent by age, Reference: Week, Report: Day of week",2021-12-31,2021-12-22,60-79,DE,348,FALSE,1,433.806,433,14.0690558733194,13.3434,409,412,422,424,433,443,445,453,458,463.025,0.999810673674668,2111.68332742402,2038.27765174022,2021-12-31
"Independent by age, Reference: Week and day of week, Report: Day of week",2021-12-31,2021-12-22,60-79,DE,348,FALSE,1,436.7455,436,15.1083705666955,14.826,410,413,424,426,436,446,449,457,463,469.025,0.999811507061372,1892.58356351625,1714.63101185696,2021-12-31
"Reference: Fixed, Report: Fixed",2021-12-31,2021-12-23,60-79,DE,266,FALSE,6,352.36,350,21.1207112148505,19.2738,318,323,334,338,350,364,368,379,391,400,1.00083275042977,2352.23840287463,2071.11018067134,2021-12-31
"Reference: Fixed, Report: Day of week",2021-12-31,2021-12-23,60-79,DE,266,FALSE,6,357.736,357,14.4914217609014,14.826,332,335,345,347,357,367,370,377,383,387,1.00074080781289,2224.35799266651,2058.34533055228,2021-12-31
"Reference: Age, Report: Day of week",2021-12-31,2021-12-23,60-79,DE,266,FALSE,6,341.9405,341,13.5797704263517,13.3434,317,321,330,332,341,351,354,360,366,370,0.999652990810721,2162.89169209333,1751.29757815892,2021-12-31
"Reference: Age and week, Report: Day of week",2021-12-31,2021-12-23,60-79,DE,266,FALSE,6,338.5125,338,12.9144196488822,13.3434,315,318,327,329,338,347,349,355,360,366,1.00016120958027,1908.23787302007,1943.43327018517,2021-12-31
"Reference: Age and week by age, Report: Day of week",2021-12-31,2021-12-23,60-79,DE,266,FALSE,6,343.915,343,14.5406839847846,13.3434,318,322,332,334,343,353,356,362,368,375.025,0.999782275752002,2204.09171900241,1926.9097640548,2021-12-31
"Independent by age, Reference: Week, Report: Day of week",2021-12-31,2021-12-23,60-79,DE,266,FALSE,1,354.469,354,14.9249930220538,14.826,327.975,331,341,344,354,364,367,374,380,387,0.999459486027302,1938.16293012696,1757.28412964909,2021-12-31
"Independent by age, Reference: Week and day of week, Report: Day of week",2021-12-31,2021-12-23,60-79,DE,266,FALSE,1,353.7445,353,15.1455575568169,14.826,326,331,341,343,353,363,366,373,380,387,1.00077291806814,1961.86540629782,1769.88091804434,2021-12-31
"Reference: Fixed, Report: Fixed",2021-12-31,2021-12-24,60-79,DE,219,FALSE,6,300.7755,299,19.4587620742104,19.2738,268,272,284,287,299,313,316,327,336,343,0.999475395225172,2180.85753709886,1819.98789204772,2021-12-31
"Reference: Fixed, Report: Day of week",2021-12-31,2021-12-24,60-79,DE,219,FALSE,6,314.154,313,15.4713918566815,14.826,287.975,291,300.8,303,313,324,326,334,341,347,0.999451911106434,2187.63920428116,1915.65743088676,2021-12-31
"Reference: Age, Report: Day of week",2021-12-31,2021-12-24,60-79,DE,219,FALSE,6,296.98,296,13.9813210630947,13.3434,272,276,285,287,296,306,309,315,321,326,0.999575606694731,2072.74603001451,2003.00744393834,2021-12-31
"Reference: Age and week, Report: Day of week",2021-12-31,2021-12-24,60-79,DE,219,FALSE,6,290.8095,291,13.6520107841015,13.3434,266,269,279,281,291,300,302,309,314,319.025,1.00066562621577,2361.9705211682,1982.64560732677,2021-12-31
"Reference: Age and week by age, Report: Day of week",2021-12-31,2021-12-24,60-79,DE,219,FALSE,6,291.6175,291,14.8538046138272,14.826,265,269,279,281,291,301,304,312,318,323,1.00010672365889,1349.99238073446,1648.23190831547,2021-12-31
"Independent by age, Reference: Week, Report: Day of week",2021-12-31,2021-12-24,60-79,DE,219,FALSE,1,302.6285,302,16.6907992360932,17.7912,272,277,288,291,302,314,317,325,332,337.025,0.999649534298308,1942.20381993553,1893.69573057667,2021-12-31
"Independent by age, Reference: Week and day of week, Report: Day of week",2021-12-31,2021-12-24,60-79,DE,219,FALSE,1,302.5545,302,17.5624670782592,16.3086,270,275,287,291,302,313,317,325,333,339,0.999594024933243,1264.35643498937,1465.41588464188,2021-12-31
"Reference: Fixed, Report: Fixed",2021-12-31,2021-12-25,60-79,DE,117,FALSE,6,180.952,179,16.3599058450723,16.3086,153,156,167,169,179,191,194,202,212,219,1.00019977507447,2612.15100215534,2123.91749536735,2021-12-31
"Reference: Fixed, Report: Day of week",2021-12-31,2021-12-25,60-79,DE,117,FALSE,6,190.656,190,13.3076748947948,11.8608,167,171,179,181,190,198,201,208,215,219,1.00017976562662,2073.76564655793,1867.81146817082,2021-12-31
"Reference: Age, Report: Day of week",2021-12-31,2021-12-25,60-79,DE,117,FALSE,6,177.9355,177,12.3933101638912,11.8608,156,159,168,169,177,186,188,194,200,206,0.999231438866962,2386.87219353663,1827.36306304662,2021-12-31
"Reference: Age and week, Report: Day of week",2021-12-31,2021-12-25,60-79,DE,117,FALSE,6,174.008,173,11.8368066215301,11.8608,153,156,164,166,173,181,183,189,194,200,1.00009556749407,2195.77976802777,1923.99509557223,2021-12-31
"Reference: Age and week by age, Report: Day of week",2021-12-31,2021-12-25,60-79,DE,117,FALSE,6,166.3125,165,12.5665350296462,11.8608,144,147,156,158,165,173,176,183,189,194,0.999437933437416,1739.47957328677,1777.0713733134,2021-12-31
"Independent by age, Reference: Week, Report: Day of week",2021-12-31,2021-12-25,60-79,DE,117,FALSE,1,182.716,182,13.8146214527558,13.3434,158,162,171,173,182,191,194,201,207,212,1.00126341003656,1941.81794540912,1923.50089388078,2021-12-31
"Independent by age, Reference: Week and day of week, Report: Day of week",2021-12-31,2021-12-25,60-79,DE,117,FALSE,1,181.8355,181,14.4799611321023,14.826,155,159,170,172,181,191,194,200,207,212,1.00168156359321,1528.0039255179,1856.99150572842,2021-12-31
"Reference: Fixed, Report: Fixed",2021-12-31,2021-12-26,60-79,DE,68,FALSE,6,119.7385,118,15.1335597287959,14.826,95,98,107,109,118,129,132,140,147,153,1.00236477142508,2514.53868917738,1982.21508069518,2021-12-31
"Reference: Fixed, Report: Day of week",2021-12-31,2021-12-26,60-79,DE,68,FALSE,6,118.177,117,10.6896120089763,10.3782,100,102,109,111,117,125,127,132,137,142,1.0010311452208,1989.17735376849,1971.05237646898,2021-12-31
"Reference: Age, Report: Day of week",2021-12-31,2021-12-26,60-79,DE,68,FALSE,6,78.498,78,4.8490981508357,4.4478,71,72,74,75,78,81,82,85,88,90,1.00005802095872,1975.26552106431,1973.23942315755,2021-12-31
"Reference: Age and week, Report: Day of week",2021-12-31,2021-12-26,60-79,DE,68,FALSE,6,85.2915,83,9.90639167648968,8.8956,72,73,77,78,83,90,93,99,105,109.025,1.00904387737671,624.956394559122,1116.1469443022,2021-12-31
"Reference: Age and week by age, Report: Day of week",2021-12-31,2021-12-26,60-79,DE,68,FALSE,6,82.7015,82,6.44873560052067,5.9304,73,74,77,78,82,86,88,91,95,98,1.00302038727978,1329.54976798985,1540.09314029366,2021-12-31
"Independent by age, Reference: Week, Report: Day of week",2021-12-31,2021-12-26,60-79,DE,68,FALSE,1,110.915,111,10.3239075225065,10.3782,92,95,102,104,111,117,119,124,129,133,1.00199253696676,1874.03669796503,1840.02635937397,2021-12-31
"Independent by age, Reference: Week and day of week, Report: Day of week",2021-12-31,2021-12-26,60-79,DE,68,FALSE,1,106.466,106,9.7705975399739,10.3782,89,92,98,100,106,113,114.2,119,123,127,1.00069487245897,1784.32592600818,1753.79981472694,2021-12-31
"Reference: Fixed, Report: Fixed",2021-12-31,2021-12-27,60-79,DE,79,FALSE,6,148.8015,147,19.4396514313886,19.2738,117,120.95,132,135,147,161,164,175,185,192.025,1.00036686877322,2249.00273781158,1845.30740950884,2021-12-31
"Reference: Fixed, Report: Day of week",2021-12-31,2021-12-27,60-79,DE,79,FALSE,6,139.332,139,12.1053726098378,11.8608,117,121,129,131,139,147,149,155,160.05,165,0.999446584657508,2190.53864515597,1793.85593810025,2021-12-31
"Reference: Age, Report: Day of week",2021-12-31,2021-12-27,60-79,DE,79,FALSE,6,91.7305,91,5.41964537843704,4.4478,83,84,87,88,91,95,96,99,102,104,0.999441846971295,2119.53844704235,1829.15559821765,2021-12-31
"Reference: Age and week, Report: Day of week",2021-12-31,2021-12-27,60-79,DE,79,FALSE,6,100.6515,98,11.9666473196981,10.3782,85,86,91,92,98,107,109.2,118,124.05,130,1.00692113428906,550.253564303921,860.38455619083,2021-12-31
"Reference: Age and week by age, Report: Day of week",2021-12-31,2021-12-27,60-79,DE,79,FALSE,6,96.0365,95,6.41192046987921,5.9304,86,87,91,92,95,100,101,104,108,111,1.00151587269242,1267.50085169432,1623.92530093776,2021-12-31
"Independent by age, Reference: Week, Report: Day of week",2021-12-31,2021-12-27,60-79,DE,79,FALSE,1,129.321,129,12.2965263908406,11.8608,108,111,118,120,129,137,139,146,150,155,1.00129326541291,1705.83059433119,1954.097955405,2021-12-31
"Independent by age, Reference: Week and day of week, Report: Day of week",2021-12-31,2021-12-27,60-79,DE,79,FALSE,1,122.0955,121,10.1471110017009,10.3782,104,107,113.8,115,121,129,131,136,140,143,1.00101143983207,1735.5735637916,1809.92829048543,2021-12-31
"Reference: Fixed, Report: Fixed",2021-12-31,2021-12-28,60-79,DE,203,FALSE,6,337.2325,333,35.2676813587768,32.6172,279.975,288,308,313,333,357,364,382,402,418,1.0008271116941,1890.12027348143,1798.47580118485,2021-12-31
"Reference: Fixed, Report: Day of week",2021-12-31,2021-12-28,60-79,DE,203,FALSE,6,321.3955,320,20.7449814865774,20.7564,286,291,303,306,320,335,339,349,357,365,1.00015196637707,2816.05438579091,1871.68860871616,2021-12-31
"Reference: Age, Report: Day of week",2021-12-31,2021-12-28,60-79,DE,203,FALSE,6,231.99,231,9.67071152142723,8.8956,216,219,224,225,231,237,239,245,250,254,1.00112798663098,2016.83477550101,1746.91256928655,2021-12-31
"Reference: Age and week, Report: Day of week",2021-12-31,2021-12-28,60-79,DE,203,FALSE,6,244.87,240,19.6090631514828,16.3086,219,222,229,231,240,254,259,273,284,296,1.00865717312107,561.404272852027,974.769836826926,2021-12-31
"Reference: Age and week by age, Report: Day of week",2021-12-31,2021-12-28,60-79,DE,203,FALSE,6,229.4205,228,9.35705386211329,8.8956,214,216,221,223,228,235,237,242,247,251,1.00014006484079,1940.45759493193,1839.47279362054,2021-12-31
"Independent by age, Reference: Week, Report: Day of week",2021-12-31,2021-12-28,60-79,DE,203,FALSE,1,303.6815,302,21.0281513529997,20.7564,265,271,286,289,302,317,320,331,340.05,348.025,1.00088215878892,1721.70120825453,1934.03840624539,2021-12-31
"Independent by age, Reference: Week and day of week, Report: Day of week",2021-12-31,2021-12-28,60-79,DE,203,FALSE,1,292.1525,291,18.0714009284216,16.3086,258,264,277,280,291,303,306,316,325,330.025,1.00098364278089,1588.84172568513,1951.68359659323,2021-12-31
"Reference: Fixed, Report: Fixed",2021-12-31,2021-12-29,60-79,DE,198,FALSE,6,400.543,393,57.658602204737,54.8562,313,322,351,359,393,433,444,476,506,528.025,0.999752428256455,2466.47298294463,2047.38513830399,2021-12-31
"Reference: Fixed, Report: Day of week",2021-12-31,2021-12-29,60-79,DE,198,FALSE,6,376.696,374,30.5197200291111,29.652,323.975,331,350,355,374,396,401,417,430,444,1.00101506754178,2016.84841500553,1968.3307237911,2021-12-31
"Reference: Age, Report: Day of week",2021-12-31,2021-12-29,60-79,DE,198,FALSE,6,251.732,250,15.1896852919879,14.826,227,230,239,241,250,260.25,263,271.1,280,287,1.0000622622189,2043.44341058987,1669.72292565082,2021-12-31
"Reference: Age and week, Report: Day of week",2021-12-31,2021-12-29,60-79,DE,198,FALSE,6,258.817,253,24.9008541473708,20.7564,225,229,239,241,253,271,276,293,309,324.025,1.00936130599763,481.344055547639,811.285019571426,2021-12-31
"Reference: Age and week by age, Report: Day of week",2021-12-31,2021-12-29,60-79,DE,198,FALSE,6,238.215,236,16.1637374454085,14.826,213,216,225,227,236,247,251,259,267,276,1.00104568812327,999.89615863836,1669.94106163812,2021-12-31
"Independent by age, Reference: Week, Report: Day of week",2021-12-31,2021-12-29,60-79,DE,198,FALSE,1,349.131,347,30.8709790527258,29.652,291,301,323,328,347,369,375,390,402.05,414,1.00026508597213,1657.689009014,1621.16648038008,2021-12-31
"Independent by age, Reference: Week and day of week, Report: Day of week",2021-12-31,2021-12-29,60-79,DE,198,FALSE,1,356.3995,355,34.2444629300955,35.5824,296,306,326,331,355,379,385,400,415.05,430,1.00006625849404,1253.50259937409,1287.77589525296,2021-12-31
"Reference: Fixed, Report: Fixed",2021-12-31,2021-12-30,60-79,DE,146,FALSE,6,401.8915,390,81.3357023452063,75.6126,282.975,293,334,343,390,447,463,510,550,595.025,1.00031596346938,2322.93104835177,1887.58794691645,2021-12-31
"Reference: Fixed, Report: Day of week",2021-12-31,2021-12-30,60-79,DE,146,FALSE,6,357.413,353,40.3108287245032,38.5476,289,298,324,329,353,381,389,410,430,449,0.999668957434841,2563.48096971765,2010.94330877232,2021-12-31
"Reference: Age, Report: Day of week",2021-12-31,2021-12-30,60-79,DE,146,FALSE,6,227.0005,225,20.881319750132,20.7564,193,197,209,212,225,239,243,255,264,276,1.00002510336603,2147.1306073456,1901.87901257607,2021-12-31
"Reference: Age and week, Report: Day of week",2021-12-31,2021-12-30,60-79,DE,146,FALSE,6,218.1595,213,26.8548999733063,22.239,179.975,184,196,200,213,231,237,253,270,283,1.00377664082232,1038.13716847507,1088.10145100415,2021-12-31
"Reference: Age and week by age, Report: Day of week",2021-12-31,2021-12-30,60-79,DE,146,FALSE,6,217.623,215,25.3877360071706,23.7216,177,181,196,200,215,232,237,251,265,275,1.00168520544805,1636.7543152493,1254.99085995946,2021-12-31
"Independent by age, Reference: Week, Report: Day of week",2021-12-31,2021-12-30,60-79,DE,146,FALSE,1,325.1165,322,38.6920077468428,38.5476,258.975,268,292,297,322,348,356,374,392,410,1.00109966536282,1853.79895544041,1758.64123398732,2021-12-31
"Independent by age, Reference: Week and day of week, Report: Day of week",2021-12-31,2021-12-30,60-79,DE,146,FALSE,1,327.078,323,40.410783606803,40.0302,257,266,293,298,323,353,361,382,399,412,1.00064708498622,1548.14239918021,1694.08153226059,2021-12-31
"Reference: Fixed, Report: Fixed",2021-12-31,2021-12-31,60-79,DE,60,FALSE,6,371.3885,348,127.730881766425,107.4885,190.95,208,270,283,348,433,458,539,614,704.05,1.00027306920461,2848.98738963702,1511.77315762964,2021-12-31
"Reference: Fixed, Report: Day of week",2021-12-31,2021-12-31,60-79,DE,60,FALSE,6,277.113,266,59.7445892024498,53.3736,183.975,196,229,235,266,312,324,355,385,418.025,1.0001612151984,3133.67783135425,1774.92156875187,2021-12-31
"Reference: Age, Report: Day of week",2021-12-31,2021-12-31,60-79,DE,60,FALSE,6,172.8365,168,32.2909448655526,29.652,122,129,146,150,168,191,197.2,215,231,248.025,1.00053111259297,2035.30079931837,2053.08429139357,2021-12-31
"Reference: Age and week, Report: Day of week",2021-12-31,2021-12-31,60-79,DE,60,FALSE,6,154.932,149,31.7630890014094,28.1694,108,113,129,133,149,173,178.2,195,209,227,1.00118843225482,1486.58001329541,1561.38800469029,2021-12-31
"Reference: Age and week by age, Report: Day of week",2021-12-31,2021-12-31,60-79,DE,60,FALSE,6,184.1465,178,44.5037900792248,41.5128,115,123,147,153,178,209,219,244,265.05,287.025,1.0030287431234,2310.99175265987,1610.97465891292,2021-12-31
"Independent by age, Reference: Week, Report: Day of week",2021-12-31,2021-12-31,60-79,DE,60,FALSE,1,245.04,240,57.1412807257721,54.8562,154.975,167.95,195,204,240,278,288,317.1,343,375,1.0000478382408,2741.83718180547,1510.247375981,2021-12-31
"Independent by age, Reference: Week and day of week, Report: Day of week",2021-12-31,2021-12-31,60-79,DE,60,FALSE,1,259.5745,251,61.051782200071,56.3388,164,176,209,217,251,294,307,340,369.05,401,0.999618873592956,2280.99798624813,1682.53198843007,2021-12-31
"Reference: Fixed, Report: Fixed",2021-12-31,2021-11-22,80+,DE,258,FALSE,7,258,258,0,0,258,258,258,258,258,258,258,258,258,258,,,,2021-12-31
"Reference: Fixed, Report: Day of week",2021-12-31,2021-11-22,80+,DE,258,FALSE,7,258,258,0,0,258,258,258,258,258,258,258,258,258,258,,,,2021-12-31
"Reference: Age, Report: Day of week",2021-12-31,2021-11-22,80+,DE,258,FALSE,7,258,258,0,0,258,258,258,258,258,258,258,258,258,258,,,,2021-12-31
"Reference: Age and week, Report: Day of week",2021-12-31,2021-11-22,80+,DE,258,FALSE,7,258,258,0,0,258,258,258,258,258,258,258,258,258,258,,,,2021-12-31
"Reference: Age and week by age, Report: Day of week",2021-12-31,2021-11-22,80+,DE,258,FALSE,7,258,258,0,0,258,258,258,258,258,258,258,258,258,258,,,,2021-12-31
"Independent by age, Reference: Week, Report: Day of week",2021-12-31,2021-11-22,80+,DE,258,FALSE,1,258,258,0,0,258,258,258,258,258,258,258,258,258,258,,,,2021-12-31
"Independent by age, Reference: Week and day of week, Report: Day of week",2021-12-31,2021-11-22,80+,DE,258,FALSE,1,258,258,0,0,258,258,258,258,258,258,258,258,258,258,,,,2021-12-31
"Reference: Fixed, Report: Fixed",2021-12-31,2021-11-23,80+,DE,552,FALSE,7,553.0085,553,1.15589610168862,1.4826,552,552,552,552,553,554,554,555,555,556,0.99915890858155,1959.4653964438,1759.75063385956,2021-12-31
"Reference: Fixed, Report: Day of week",2021-12-31,2021-11-23,80+,DE,552,FALSE,7,552.1095,552,0.339952252186809,0,552,552,552,552,552,552,552,553,553,553,0.999435574015045,1939.98157121427,1949.7976890998,2021-12-31
"Reference: Age, Report: Day of week",2021-12-31,2021-11-23,80+,DE,552,FALSE,7,552.0825,552,0.282371416415338,0,552,552,552,552,552,552,552,552,553,553,0.999078859339798,2138.56341720859,2014.81611407139,2021-12-31
"Reference: Age and week, Report: Day of week",2021-12-31,2021-11-23,80+,DE,552,FALSE,7,552.077,552,0.281265986705892,0,552,552,552,552,552,552,552,552,553,553,0.999948848283042,2115.60898744228,2023.0282256269,2021-12-31
"Reference: Age and week by age, Report: Day of week",2021-12-31,2021-11-23,80+,DE,552,FALSE,7,552.097,552,0.312473710750129,0,552,552,552,552,552,552,552,552,553,553,0.999474800601013,2072.16880344441,2027.17191348521,2021-12-31
"Independent by age, Reference: Week, Report: Day of week",2021-12-31,2021-11-23,80+,DE,552,FALSE,1,552.3425,552,0.600311533262925,0,552,552,552,552,552,553,553,553,554,554,0.999848865720529,1958.88449798915,1959.24005678692,2021-12-31
"Independent by age, Reference: Week and day of week, Report: Day of week",2021-12-31,2021-11-23,80+,DE,552,FALSE,1,552.3045,552,0.551300023451776,0,552,552,552,552,552,553,553,553,553,554,0.999532218761936,1900.69701503164,1947.71774596584,2021-12-31
"Reference: Fixed, Report: Fixed",2021-12-31,2021-11-24,80+,DE,610,FALSE,7,612.252,612,1.73233844795096,1.4826,610,610,611,611,612,613,614,615,615,616,0.999544344933837,2125.32580024379,1851.16423230408,2021-12-31
"Reference: Fixed, Report: Day of week",2021-12-31,2021-11-24,80+,DE,610,FALSE,7,610.4135,610,0.645543269701209,0,610,610,610,610,610,611,611,611,612,612,0.999410869138558,2026.35587300615,1966.85110522863,2021-12-31
"Reference: Age, Report: Day of week",2021-12-31,2021-11-24,80+,DE,610,FALSE,7,610.331,610,0.589586979506164,0,610,610,610,610,610,611,611,611,611,612,0.99945644806525,1946.21727062362,1587.58892707227,2021-12-31
"Reference: Age and week, Report: Day of week",2021-12-31,2021-11-24,80+,DE,610,FALSE,7,610.299,610,0.552042911092828,0,610,610,610,610,610,611,611,611,611,612,0.999706489094359,1820.08969346665,1692.13480449944,2021-12-31
"Reference: Age and week by age, Report: Day of week",2021-12-31,2021-11-24,80+,DE,610,FALSE,7,610.321,610,0.566674121325379,0,610,610,610,610,610,611,611,611,611,612,0.999115945079963,1941.71985283864,1892.86525591846,2021-12-31
"Independent by age, Reference: Week, Report: Day of week",2021-12-31,2021-11-24,80+,DE,610,FALSE,1,610.994,611,1.0346493365507,1.4826,610,610,610,610,611,612,612,612,613,614,1.00103015016895,1913.64900816099,1882.05903198941,2021-12-31
"Independent by age, Reference: Week and day of week, Report: Day of week",2021-12-31,2021-11-24,80+,DE,610,FALSE,1,610.95,611,0.979274981680259,1.4826,610,610,610,610,611,612,612,612,613,613,1.00011440519847,1931.40201741614,1835.2272209839,2021-12-31
"Reference: Fixed, Report: Fixed",2021-12-31,2021-11-25,80+,DE,525,FALSE,7,528.653,528,2.29722215181889,1.4826,525,526,527,527,528,530,530,532,533,534,0.99961033979628,1916.73020909917,1878.94871250079,2021-12-31
"Reference: Fixed, Report: Day of week",2021-12-31,2021-11-25,80+,DE,525,FALSE,7,525.8265,526,0.903219603876274,1.4826,525,525,525,525,526,526,526,527,528,528,0.999819206480411,1920.90642911295,1999.76078669063,2021-12-31
"Reference: Age, Report: Day of week",2021-12-31,2021-11-25,80+,DE,525,FALSE,7,525.625,525,0.797303484517164,0,525,525,525,525,525,526,526,527,527,528,1.00016289324213,2147.66828641308,1878.24951616648,2021-12-31
"Reference: Age and week, Report: Day of week",2021-12-31,2021-11-25,80+,DE,525,FALSE,7,525.6105,525,0.775945098185238,0,525,525,525,525,525,526,526,527,527,527,0.999403544761197,2093.74050333856,1972.36945029413,2021-12-31
"Reference: Age and week by age, Report: Day of week",2021-12-31,2021-11-25,80+,DE,525,FALSE,7,525.6855,525,0.830020612460049,0,525,525,525,525,525,526,526,527,527,528,0.999620331829004,1879.34487854995,1907.28032106849,2021-12-31
"Independent by age, Reference: Week, Report: Day of week",2021-12-31,2021-11-25,80+,DE,525,FALSE,1,526.7465,527,1.38571203679713,1.4826,525,525,526,526,527,528,528,529,529,530,1.00052521224264,1843.01456445479,1736.16883377023,2021-12-31
"Independent by age, Reference: Week and day of week, Report: Day of week",2021-12-31,2021-11-25,80+,DE,525,FALSE,1,526.738,527,1.35250531803674,1.4826,525,525,526,526,527,528,528,529,529,530,1.00084717099843,1789.50194462259,1883.1055456196,2021-12-31
"Reference: Fixed, Report: Fixed",2021-12-31,2021-11-26,80+,DE,463,FALSE,7,467.3065,467,2.49873559821661,2.9652,463,464,465,466,467,469,469,471,472,473,1.00095530636979,2033.82694493199,1890.17054229074,2021-12-31
"Reference: Fixed, Report: Day of week",2021-12-31,2021-11-26,80+,DE,463,FALSE,7,464.228,464,1.10843597702239,1.4826,463,463,463,463,464,465,465,466,466,467,0.999153568994197,1775.791722791,1483.8464960125,2021-12-31
"Reference: Age, Report: Day of week",2021-12-31,2021-11-26,80+,DE,463,FALSE,7,463.8325,464,0.924051235236808,1.4826,463,463,463,463,464,464,464,465,466,466,1.00016655889255,1953.82074139595,1995.10636050948,2021-12-31
"Reference: Age and week, Report: Day of week",2021-12-31,2021-11-26,80+,DE,463,FALSE,7,463.878,464,0.984683096432654,1.4826,463,463,463,463,464,464,465,465,466,466,1.00172620361072,1830.57852595822,1834.93445703717,2021-12-31
"Reference: Age and week by age, Report: Day of week",2021-12-31,2021-11-26,80+,DE,463,FALSE,7,463.869,464,0.933956710757401,1.4826,463,463,463,463,464,464,465,465,466,466,0.999625596038084,2098.92190447382,1884.15381069066,2021-12-31
"Independent by age, Reference: Week, Report: Day of week",2021-12-31,2021-11-26,80+,DE,463,FALSE,1,465.29,465,1.59849228612289,1.4826,463,463,464,464,465,466,467,467,468,469,0.999557585896718,1985.22014561133,1792.41348653287,2021-12-31
"Independent by age, Reference: Week and day of week, Report: Day of week",2021-12-31,2021-11-26,80+,DE,463,FALSE,1,465.2435,465,1.59420152090149,1.4826,463,463,464,464,465,466,466.2,467,468,469,1.00017093170891,1932.77783459967,1888.5398304641,2021-12-31
"Reference: Fixed, Report: Fixed",2021-12-31,2021-11-27,80+,DE,454,FALSE,7,459.7395,459,2.87258866404788,2.9652,455,456,457,458,459,461,462,464,465,466,0.999972519058083,1914.68257539654,1705.42965392921,2021-12-31
"Reference: Fixed, Report: Day of week",2021-12-31,2021-11-27,80+,DE,454,FALSE,7,455.9355,456,1.43051142304622,1.4826,454,454,455,455,456,457,457,458,459,459,0.999582361364076,2082.25395011114,1828.57245397445,2021-12-31
"Reference: Age, Report: Day of week",2021-12-31,2021-11-27,80+,DE,454,FALSE,7,455.486,455,1.23067513204758,1.4826,454,454,454,455,455,456,456,457,458,458,0.999640879830931,1709.36347986719,1660.17694600871,2021-12-31
"Reference: Age and week, Report: Day of week",2021-12-31,2021-11-27,80+,DE,454,FALSE,7,455.5295,455,1.2565505201164,1.4826,454,454,454,455,455,456,457,457,458,458.025,1.00000058686299,2068.66404968834,1841.58123140078,2021-12-31
"Reference: Age and week by age, Report: Day of week",2021-12-31,2021-11-27,80+,DE,454,FALSE,7,455.538,455,1.25432957046211,1.4826,454,454,454,455,455,456,457,457,458,458,0.999777630633826,1604.68940380419,1783.84955285775,2021-12-31
"Independent by age, Reference: Week, Report: Day of week",2021-12-31,2021-11-27,80+,DE,454,FALSE,1,457.4915,457,2.00098218754127,1.4826,454,455,456,456,457,459,459,460,461,462,1.00128362462152,1577.25649246795,2016.86142963289,2021-12-31
"Independent by age, Reference: Week and day of week, Report: Day of week",2021-12-31,2021-11-27,80+,DE,454,FALSE,1,457.3185,457,1.94317928222319,1.4826,454,455,456,456,457,459,459,460,461,462,0.999538662619093,1906.86222481033,1871.02391950678,2021-12-31
"Reference: Fixed, Report: Fixed",2021-12-31,2021-11-28,80+,DE,302,FALSE,7,307.003,307,2.64338509157693,2.9652,303,303,305,305,307,309,309,310,312,313,0.999750458241725,2066.43933502026,1955.50542591835,2021-12-31
"Reference: Fixed, Report: Day of week",2021-12-31,2021-11-28,80+,DE,302,FALSE,7,303.888,304,1.3987259263732,1.4826,302,302,303,303,304,305,305,306,306,307,1.00066689803339,2073.69093893245,1859.44356005796,2021-12-31
"Reference: Age, Report: Day of week",2021-12-31,2021-11-28,80+,DE,302,FALSE,7,303.4785,303,1.21995159368947,1.4826,302,302,302,303,303,304,304,305,306,306,0.99980973741425,1785.68388467211,1779.65799902103,2021-12-31
"Reference: Age and week, Report: Day of week",2021-12-31,2021-11-28,80+,DE,302,FALSE,7,303.504,303,1.23925456462261,1.4826,302,302,302,303,303,304,304,305,306,306,0.99924741186854,1882.1605965966,1907.8824442234,2021-12-31
"Reference: Age and week by age, Report: Day of week",2021-12-31,2021-11-28,80+,DE,302,FALSE,7,303.3855,303,1.22459771753213,1.4826,302,302,302,302,303,304,304,305,306,306,0.999980998662762,1994.92865813087,1820.33510041753,2021-12-31
"Independent by age, Reference: Week, Report: Day of week",2021-12-31,2021-11-28,80+,DE,302,FALSE,1,305.142,305,1.88058615919374,1.4826,302,303,304,304,305,306,307,308,308,309,0.999884661842094,1945.76590375607,1953.1519681306,2021-12-31
"Independent by age, Reference: Week and day of week, Report: Day of week",2021-12-31,2021-11-28,80+,DE,302,FALSE,1,305.1475,305,1.83341879073798,1.4826,302,302,304,304,305,306,307,308,308,309,0.999398194584214,2093.50058101629,1692.98892104114,2021-12-31
"Reference: Fixed, Report: Fixed",2021-12-31,2021-11-29,80+,DE,203,FALSE,7,207.399,207,2.3762622563925,2.9652,204,204,205,206,207,209,209,211,212,213,0.999428488238265,2258.98224681182,2024.86927293379,2021-12-31
"Reference: Fixed, Report: Day of week",2021-12-31,2021-11-29,80+,DE,203,FALSE,7,204.677,205,1.31853717055496,1.4826,203,203,203,204,205,205,206,206,207,208,1.00095162155424,2174.0411245415,2039.91757733295,2021-12-31
"Reference: Age, Report: Day of week",2021-12-31,2021-11-29,80+,DE,203,FALSE,7,204.3135,204,1.14537054565037,1.4826,203,203,203,203,204,205,205,206,206,207,1.00001502481669,2020.19790385587,1888.41889294447,2021-12-31
"Reference: Age and week, Report: Day of week",2021-12-31,2021-11-29,80+,DE,203,FALSE,7,204.2825,204,1.14601501962784,1.4826,203,203,203,203,204,205,205,206,206,207,1.00064020105624,2049.53312988469,1955.45311816253,2021-12-31
"Reference: Age and week by age, Report: Day of week",2021-12-31,2021-11-29,80+,DE,203,FALSE,7,204.2625,204,1.12704430455604,1.4826,203,203,203,203,204,205,205,206,206,207,1.00067877668454,1873.18498154125,1932.75433580061,2021-12-31
"Independent by age, Reference: Week, Report: Day of week",2021-12-31,2021-11-29,80+,DE,203,FALSE,1,205.538,205,1.64861000769701,1.4826,203,203,204,204,205,207,207,208,209,209,1.0010730389399,1994.10825677403,1857.46611360437,2021-12-31
"Independent by age, Reference: Week and day of week, Report: Day of week",2021-12-31,2021-11-29,80+,DE,203,FALSE,1,205.5885,205,1.67199447749279,1.4826,203,203,204,204,205,207,207,208,209,209,1.00152030306237,2077.57975342411,1838.04319170154,2021-12-31
"Reference: Fixed, Report: Fixed",2021-12-31,2021-11-30,80+,DE,435,FALSE,7,442.727,442,3.32294929181864,2.9652,437,438,440,440,442,445,445,447,449,450,1.00096451221362,2136.26318206542,2060.12748106184,2021-12-31
"Reference: Fixed, Report: Day of week",2021-12-31,2021-11-30,80+,DE,435,FALSE,7,438.418,438,1.9695724428931,1.4826,435,436,437,437,438,440,440,441,442,443,0.999476997217585,1945.9915483724,1930.64432906252,2021-12-31
"Reference: Age, Report: Day of week",2021-12-31,2021-11-30,80+,DE,435,FALSE,7,437.8565,438,1.78255336476896,1.4826,435,435,436,437,438,439,439,440,441,442,1.00067092646721,1920.12947900478,1797.73025467453,2021-12-31
"Reference: Age and week, Report: Day of week",2021-12-31,2021-11-30,80+,DE,435,FALSE,7,437.6125,437,1.71225280108616,1.4826,435,435,436,436,437,439,439,440,441,441,1.00030939679071,1982.5309441906,2022.92759500247,2021-12-31
"Reference: Age and week by age, Report: Day of week",2021-12-31,2021-11-30,80+,DE,435,FALSE,7,437.669,437,1.68102704498261,1.4826,435,435,436,436,437,439,439,440,441,441,1.00027653748163,1875.79206207698,1733.9287896151,2021-12-31
"Independent by age, Reference: Week, Report: Day of week",2021-12-31,2021-11-30,80+,DE,435,FALSE,1,440.246,440,2.42928687424081,2.9652,436,437,438,439,440,442,442,444,445,445.025,1.00072087470978,2040.81459408822,1923.31682331425,2021-12-31
"Independent by age, Reference: Week and day of week, Report: Day of week",2021-12-31,2021-11-30,80+,DE,435,FALSE,1,439.9325,440,2.36806833174465,2.9652,436,437,438,438,440,441,442,443,444,445,1.00394213138378,1815.32660462898,1786.29975817048,2021-12-31
"Reference: Fixed, Report: Fixed",2021-12-31,2021-12-01,80+,DE,515,FALSE,7,526.4915,526,4.26567998833497,4.4478,519,520,523,523,526,529,530,532,534,536,1.00071197038987,2057.40901576347,1859.73060820635,2021-12-31
"Reference: Fixed, Report: Day of week",2021-12-31,2021-12-01,80+,DE,515,FALSE,7,520.456,520,2.49703455939148,2.9652,516,517,518,519,520,522,523,524,525,526,0.999411615741193,1761.9056304594,1874.45477610688,2021-12-31
"Reference: Age, Report: Day of week",2021-12-31,2021-12-01,80+,DE,515,FALSE,7,519.677,519,2.21791130690175,1.4826,516,516,518,518,519,521,521,523,523.05,524.025,1.00108171416682,1980.44858573678,1726.54365402301,2021-12-31
"Reference: Age and week, Report: Day of week",2021-12-31,2021-12-01,80+,DE,515,FALSE,7,519.378,519,2.14835372130753,1.4826,516,516,518,518,519,521,521,522,523,524,1.00075796306618,2070.44771557527,1943.13354873865,2021-12-31
"Reference: Age and week by age, Report: Day of week",2021-12-31,2021-12-01,80+,DE,515,FALSE,7,519.748,519,2.34034925113938,2.9652,516,516,518,518,519,521,522,523,524,525,1.00016520636751,2043.77282077864,2037.48761157333,2021-12-31
"Independent by age, Reference: Week, Report: Day of week",2021-12-31,2021-12-01,80+,DE,515,FALSE,1,523.1125,523,3.10993240920038,2.9652,518,518,520,521,523,525,526,527,529,530,1.00122029140054,1526.27476589881,1956.78612480493,2021-12-31
"Independent by age, Reference: Week and day of week, Report: Day of week",2021-12-31,2021-12-01,80+,DE,515,FALSE,1,522.8535,523,3.05756636985251,2.9652,518,518,520,521,523,525,525,527,528,529,1.00055446177545,1967.0055823795,1991.00454987194,2021-12-31
"Reference: Fixed, Report: Fixed",2021-12-31,2021-12-02,80+,DE,482,FALSE,7,495.8,495,4.70160105987983,4.4478,488,489,492,493,495,499,499,502,504,506,0.999515405383233,2074.52520811954,1938.79975055127,2021-12-31
"Reference: Fixed, Report: Day of week",2021-12-31,2021-12-02,80+,DE,482,FALSE,7,489.1005,489,2.86766656111775,2.9652,484,485,487,487,489,491,492,493,494,495,1.00040318134228,1783.98143310712,1914.37934786538,2021-12-31
"Reference: Age, Report: Day of week",2021-12-31,2021-12-02,80+,DE,482,FALSE,7,487.288,487,2.4265201420965,2.9652,483,484,485,486,487,489,489,491,491.05,492,0.999652233603202,2131.83852545318,2006.94267216733,2021-12-31
"Reference: Age and week, Report: Day of week",2021-12-31,2021-12-02,80+,DE,482,FALSE,7,487.429,487,2.43863331934777,2.9652,483,484,485,486,487,489,489,491,492,493,0.999789726158474,1930.3778097004,1827.67442583672,2021-12-31
"Reference: Age and week by age, Report: Day of week",2021-12-31,2021-12-02,80+,DE,482,FALSE,7,487.6205,487,2.54670819123543,2.9652,483,484,485,486,487,489,490,491,492,493,1.00055124773354,2003.70978543404,1944.91897986416,2021-12-31
"Independent by age, Reference: Week, Report: Day of week",2021-12-31,2021-12-02,80+,DE,482,FALSE,1,491.922,492,3.48883963532297,2.9652,486,487,489,489,492,494,495,497,498,499.025,1.00070982807343,2084.40766064801,1821.18811194688,2021-12-31
"Independent by age, Reference: Week and day of week, Report: Day of week",2021-12-31,2021-12-02,80+,DE,482,FALSE,1,491.9935,492,3.34201171020324,2.9652,486,487,489,490,492,494,495,496,498,499,1.00065784769373,2166.7097896697,1769.25114869964,2021-12-31
"Reference: Fixed, Report: Fixed",2021-12-31,2021-12-03,80+,DE,449,FALSE,7,464.2025,464,5.14429058401704,4.4478,456,457,460,460,464,467,468,471,473,475,1.00088846614292,2171.67040373517,2018.94402167288,2021-12-31
"Reference: Fixed, Report: Day of week",2021-12-31,2021-12-03,80+,DE,449,FALSE,7,457.3745,457,3.09758733107508,2.9652,452,453,455,455,457,459,460,462,463,464,1.00039541789893,2071.19120144713,1846.66560494679,2021-12-31
"Reference: Age, Report: Day of week",2021-12-31,2021-12-03,80+,DE,449,FALSE,7,455.302,455,2.60982788719877,2.9652,451,451,453,453,455,457,457,459,460,461,0.999862056004923,1958.40785957055,1977.38550798343,2021-12-31
"Reference: Age and week, Report: Day of week",2021-12-31,2021-12-03,80+,DE,449,FALSE,7,455.627,455,2.69545984052368,2.9652,451,452,453,454,455,457,458,459,460,461,1.00096600007022,1922.72324298924,1628.8464673956,2021-12-31
"Reference: Age and week by age, Report: Day of week",2021-12-31,2021-12-03,80+,DE,449,FALSE,7,456.0355,456,2.83076780630037,2.9652,451,452,454,454,456,458,458,460,461,462,1.00079176169972,1808.14582101332,1832.89520748538,2021-12-31
"Independent by age, Reference: Week, Report: Day of week",2021-12-31,2021-12-03,80+,DE,449,FALSE,1,459.6475,459,3.54521198435397,2.9652,453,454,457,457,459,462,463,464,466,467,1.00004578128294,1876.01722166118,2005.15264983964,2021-12-31
"Independent by age, Reference: Week and day of week, Report: Day of week",2021-12-31,2021-12-03,80+,DE,449,FALSE,1,459.5975,459,3.62533657508394,2.9652,453,454,456,457,459,462,462,464,466,468,1.00010545025836,2034.31070918678,1971.33285664953,2021-12-31
"Reference: Fixed, Report: Fixed",2021-12-31,2021-12-04,80+,DE,451,FALSE,7,468.5665,468,5.4444833500962,5.9304,459,460,464,465,468,472,473,476,478,480.025,1.00052086110044,2052.47872627244,1831.55886971668,2021-12-31
"Reference: Fixed, Report: Day of week",2021-12-31,2021-12-04,80+,DE,451,FALSE,7,461.882,462,3.55969264204832,2.9652,456,456,459,459,462,464,465,467,468,469,1.00108949047145,1961.78679882984,1917.06406320372,2021-12-31
"Reference: Age, Report: Day of week",2021-12-31,2021-12-04,80+,DE,451,FALSE,7,459.4385,459,3.09838954279146,2.9652,454,455,457,457,459,461,462,463,465,466,0.999500374796237,2002.36775975034,1923.22564279065,2021-12-31
"Reference: Age and week, Report: Day of week",2021-12-31,2021-12-04,80+,DE,451,FALSE,7,459.4415,459,3.10183630197051,2.9652,454,455,457,457,459,461,462,464,465,466,1.00094789235812,1971.46260691189,2040.35896031865,2021-12-31
"Reference: Age and week by age, Report: Day of week",2021-12-31,2021-12-04,80+,DE,451,FALSE,7,459.7125,460,3.07368956366236,2.9652,454,455,457,458,460,462,462,464,465,466,1.00068097528895,1995.12122383015,1950.68755464202,2021-12-31
"Independent by age, Reference: Week, Report: Day of week",2021-12-31,2021-12-04,80+,DE,451,FALSE,1,464.355,464,3.97263966815095,4.4478,457,458,461,462,464,467,468,470,471,473,0.99963944479981,1942.05714031459,2053.72789531822,2021-12-31
"Independent by age, Reference: Week and day of week, Report: Day of week",2021-12-31,2021-12-04,80+,DE,451,FALSE,1,463.945,464,4.03461448679158,4.4478,457,458,461,461,464,466,467,469,471,472,0.999832261977838,1827.05960233561,1888.46877423126,2021-12-31
"Reference: Fixed, Report: Fixed",2021-12-31,2021-12-05,80+,DE,274,FALSE,7,286.8035,287,4.33212088770533,4.4478,279,280,283,284,287,289,290,293,294,296,1.00226621325649,1556.20768966375,1965.66638495328,2021-12-31
"Reference: Fixed, Report: Day of week",2021-12-31,2021-12-05,80+,DE,274,FALSE,7,282.424,282,3.15312465620197,2.9652,277,278,280,280,282,284,285,287,288,289,0.999646909879698,2037.08906323945,2004.28229676331,2021-12-31
"Reference: Age, Report: Day of week",2021-12-31,2021-12-05,80+,DE,274,FALSE,7,280.6155,280,2.75017117117015,2.9652,276,277,278,279,280,282,283,284,286,287,0.999506153707728,1971.54347297605,1720.60211497436,2021-12-31
"Reference: Age and week, Report: Day of week",2021-12-31,2021-12-05,80+,DE,274,FALSE,7,280.3035,280,2.63379121763458,2.9652,276,276,278,278,280,282,283,284,285,286,1.00116939832598,1972.21021398915,1944.10724606307,2021-12-31
"Reference: Age and week by age, Report: Day of week",2021-12-31,2021-12-05,80+,DE,274,FALSE,7,280.001,280,2.6021884428969,2.9652,276,276,278,278,280,282,282,283,285,286,0.999673690275209,2141.45584906288,1985.53837115976,2021-12-31
"Independent by age, Reference: Week, Report: Day of week",2021-12-31,2021-12-05,80+,DE,274,FALSE,1,283.925,284,3.41909638794449,2.9652,278,279,281,281,284,286,287,289,290,291,1.00079552261357,1704.0462008738,1934.42623831172,2021-12-31
"Independent by age, Reference: Week and day of week, Report: Day of week",2021-12-31,2021-12-05,80+,DE,274,FALSE,1,284.0995,284,3.4289179764533,2.9652,278,279,281,282,284,286,287,289,290,291,0.9998256406796,1988.64302156319,1926.96894123161,2021-12-31
"Reference: Fixed, Report: Fixed",2021-12-31,2021-12-06,80+,DE,226,FALSE,7,237.4175,237,3.98247709496313,4.4478,231,232,234,235,237,240,241,243,245,246,1.00002079431365,2041.56560489954,1837.67119197535,2021-12-31
"Reference: Fixed, Report: Day of week",2021-12-31,2021-12-06,80+,DE,226,FALSE,7,233.571,233,2.89502151542737,2.9652,229,229,231,232,233,235,236,237,239,240,0.999501775102705,2079.31493855508,1795.18619990919,2021-12-31
"Reference: Age, Report: Day of week",2021-12-31,2021-12-06,80+,DE,226,FALSE,7,231.9185,232,2.53022899742092,2.9652,228,228,230,230,232,234,234,235,236,237,1.00003219667144,1954.72567157198,1979.16053929093,2021-12-31
"Reference: Age and week, Report: Day of week",2021-12-31,2021-12-06,80+,DE,226,FALSE,7,231.225,231,2.34544783842689,2.9652,227,228,229,229,231,233,233,234,235,236,1.00046737428879,2020.35763755497,1955.63557312981,2021-12-31
"Reference: Age and week by age, Report: Day of week",2021-12-31,2021-12-06,80+,DE,226,FALSE,7,231.332,231,2.48371907232181,2.9652,227,228,229,230,231,233,233,234,236,237,1.00413600630284,2136.68226109263,1596.83274866676,2021-12-31
"Independent by age, Reference: Week, Report: Day of week",2021-12-31,2021-12-06,80+,DE,226,FALSE,1,234.463,234,3.09474065308467,2.9652,229,230,232,232,234,236,237,239,240,241,1.00085010441461,1572.6575603054,1882.94545412248,2021-12-31
"Independent by age, Reference: Week and day of week, Report: Day of week",2021-12-31,2021-12-06,80+,DE,226,FALSE,1,234.7725,235,3.25023472427476,2.9652,229,230,232,232,235,237,237,239,241,242,1.000916351322,1968.0609490968,1554.35166965032,2021-12-31
"Reference: Fixed, Report: Fixed",2021-12-31,2021-12-07,80+,DE,472,FALSE,7,491.316,491,5.72368100632199,5.9304,481,483,486,487,491,495,496,499,501,504,0.999455859886842,2239.67495071284,1964.87532735013,2021-12-31
"Reference: Fixed, Report: Day of week",2021-12-31,2021-12-07,80+,DE,472,FALSE,7,485.1055,485,4.0141532685277,4.4478,478,479,482,482,485,488,488,491,492,494,1.00053217912606,1886.41346766471,1821.61820384575,2021-12-31
"Reference: Age, Report: Day of week",2021-12-31,2021-12-07,80+,DE,472,FALSE,7,482.7875,483,3.61882462905401,2.9652,476,477,480,480,483,485,486,488,489,490,0.99962369731215,2097.98127337511,1945.74357882461,2021-12-31
"Reference: Age and week, Report: Day of week",2021-12-31,2021-12-07,80+,DE,472,FALSE,7,481.5725,481,3.35296360440525,2.9652,476,477,479,479,481,484,484,486,488,489,1.00042451825401,2018.43200480643,1853.90782668353,2021-12-31
"Reference: Age and week by age, Report: Day of week",2021-12-31,2021-12-07,80+,DE,472,FALSE,7,482.4645,482,3.43345803338755,2.9652,476,477,480,480,482,485,485,487,488,490,0.999927124857435,2040.48315242034,1788.80806325609,2021-12-31
"Independent by age, Reference: Week, Report: Day of week",2021-12-31,2021-12-07,80+,DE,472,FALSE,1,487.265,487,4.39834602138826,4.4478,480,481,483,484,487,490,491,493,495,497,1.00038872707784,2068.87246185212,1878.49551267574,2021-12-31
"Independent by age, Reference: Week and day of week, Report: Day of week",2021-12-31,2021-12-07,80+,DE,472,FALSE,1,486.6315,486,4.21883953872706,4.4478,479,480,483,484,486,489,490,492,494,495,0.999684428688439,1965.80391403968,2041.84783307817,2021-12-31
"Reference: Fixed, Report: Fixed",2021-12-31,2021-12-08,80+,DE,461,FALSE,7,486.133,486,6.92540913201689,7.413,475,476,480,481,486,490,492,495,498,501,1.00005632479751,1843.80206976803,2015.18568226537,2021-12-31
"Reference: Fixed, Report: Day of week",2021-12-31,2021-12-08,80+,DE,461,FALSE,7,478.3885,478,4.57515396100322,4.4478,470,471,475,475,478,481,482,484,486,488,0.999657190910046,1984.93203891793,1812.80432352089,2021-12-31
"Reference: Age, Report: Day of week",2021-12-31,2021-12-08,80+,DE,461,FALSE,7,474.8,475,3.99186265842675,4.4478,468,469,471,472,475,477,478,480,482,483,0.999633947175092,1955.3825952429,2027.80259324087,2021-12-31
"Reference: Age and week, Report: Day of week",2021-12-31,2021-12-08,80+,DE,461,FALSE,7,475.2245,475,4.08906590555716,4.4478,468,469,472,472,475,478,479,481,482,484,1.00040490439643,1904.40887797076,1851.04763034376,2021-12-31
"Reference: Age and week by age, Report: Day of week",2021-12-31,2021-12-08,80+,DE,461,FALSE,7,476.6745,476,4.38282492545203,4.4478,469,470,473,474,476,479,480,482,484,486,1.00014466751176,2069.45183873056,1982.8685361176,2021-12-31
"Independent by age, Reference: Week, Report: Day of week",2021-12-31,2021-12-08,80+,DE,461,FALSE,1,480.3225,480,4.95961617933517,4.4478,471.975,473,476,477,480,484,485,487,489,491,0.999271914664152,1886.36385714274,1861.52959458114,2021-12-31
"Independent by age, Reference: Week and day of week, Report: Day of week",2021-12-31,2021-12-08,80+,DE,461,FALSE,1,479.9035,480,5.01824462731439,4.4478,471,472,476,476,480,483,484,486,489,491,1.00087353002402,2065.69526252355,2050.17608504023,2021-12-31
"Reference: Fixed, Report: Fixed",2021-12-31,2021-12-09,80+,DE,449,FALSE,7,478.6415,478,7.81815448298125,7.413,465,467,472,473,478,483,485,489,492,496,1.00008794474332,2250.47600486689,1875.99224816127,2021-12-31
"Reference: Fixed, Report: Day of week",2021-12-31,2021-12-09,80+,DE,449,FALSE,7,470.77,470,5.1810734178238,4.4478,462,463,466,467,470,474,475,477,480,481.025,0.999856796500996,1919.29590387965,1831.97424651452,2021-12-31
"Reference: Age, Report: Day of week",2021-12-31,2021-12-09,80+,DE,449,FALSE,7,466.892,467,4.74832700060267,4.4478,458,459,463,464,467,470,471,473,475,477,1.00019662468076,2064.1410833787,1894.38460222303,2021-12-31
"Reference: Age and week, Report: Day of week",2021-12-31,2021-12-09,80+,DE,449,FALSE,7,467.507,467,4.87081239699327,4.4478,459,460,463,464,467,471,472,474,476,478,0.999740442985932,2168.11696013518,1811.08723087051,2021-12-31
"Reference: Age and week by age, Report: Day of week",2021-12-31,2021-12-09,80+,DE,449,FALSE,7,467.8835,468,4.89549902516104,4.4478,459,460,464,464,468,471,472,474,476,478,0.999844155780746,2154.54517579906,2059.23338941343,2021-12-31
"Independent by age, Reference: Week, Report: Day of week",2021-12-31,2021-12-09,80+,DE,449,FALSE,1,472.6395,472,5.68565766658095,5.9304,462,464,468,469,472,476.25,477,480,483,484.025,1.00245438886572,1915.57169847573,1918.25967752508,2021-12-31
"Independent by age, Reference: Week and day of week, Report: Day of week",2021-12-31,2021-12-09,80+,DE,449,FALSE,1,472.9765,473,5.66277151584101,5.9304,463,464,468,469,473,476.25,478,480,483,485,1.00022202045204,2135.8371427307,2080.65355858035,2021-12-31
"Reference: Fixed, Report: Fixed",2021-12-31,2021-12-10,80+,DE,421,FALSE,7,452.102,451,7.98570483682376,7.413,439,440,445,446,451,457,458,463,467,470,1.00064563757913,2134.79846305777,2092.55806538721,2021-12-31
"Reference: Fixed, Report: Day of week",2021-12-31,2021-12-10,80+,DE,421,FALSE,7,445.19,445,5.41641659996646,5.9304,436,437,440.8,441,445,449,450,452,454.05,457,0.99986206072709,1912.80655843225,1990.8060120043,2021-12-31
"Reference: Age, Report: Day of week",2021-12-31,2021-12-10,80+,DE,421,FALSE,7,440.801,441,5.00618916592077,4.4478,432,433,436,437,441,444,445,447,449,451,1.00103447280204,1935.82561186621,1839.96347531796,2021-12-31
"Reference: Age and week, Report: Day of week",2021-12-31,2021-12-10,80+,DE,421,FALSE,7,440.669,440,5.02942208839859,4.4478,431,433,436,437,440,444,445,447,449.05,451,1.00101122232361,1923.85469668262,2005.27695416036,2021-12-31
"Reference: Age and week by age, Report: Day of week",2021-12-31,2021-12-10,80+,DE,421,FALSE,7,441.2895,441,5.16042679943977,4.4478,432,433.95,437,438,441,444,445,448,450,452,1.00023737996011,1758.35029417772,1726.54327354943,2021-12-31
"Independent by age, Reference: Week, Report: Day of week",2021-12-31,2021-12-10,80+,DE,421,FALSE,1,443.584,443,5.81006216930642,5.9304,433,435,439,439,443,447,448,451,454,456,0.999199514072669,1749.43643756533,1862.89130497712,2021-12-31
"Independent by age, Reference: Week and day of week, Report: Day of week",2021-12-31,2021-12-10,80+,DE,421,FALSE,1,443.2755,443,5.7628295873144,5.9304,433,434,438,439,443,447,448,451,453,456,1.0015637790823,1551.94966394545,1898.60704870556,2021-12-31
"Reference: Fixed, Report: Fixed",2021-12-31,2021-12-11,80+,DE,379,FALSE,7,409.087,408,7.87333637747407,7.413,395,397,403,404,408,414,416,419,423,427,1.00113172832311,2307.88899652593,1824.85258614973,2021-12-31
"Reference: Fixed, Report: Day of week",2021-12-31,2021-12-11,80+,DE,379,FALSE,7,404.5715,404,5.73439878406685,5.9304,394,396,400,401,404,408,409,412,415,417,0.999976579832585,2053.37753151748,1922.11167051698,2021-12-31
"Reference: Age, Report: Day of week",2021-12-31,2021-12-11,80+,DE,379,FALSE,7,400.408,400,5.25369742831981,5.9304,391,392,396,397,400,404,405,407,409,411.025,1.00038777699149,2175.61241430755,2029.38383780618,2021-12-31
"Reference: Age and week, Report: Day of week",2021-12-31,2021-12-11,80+,DE,379,FALSE,7,398.8735,399,5.11356744709777,4.4478,390,391,394,395,399,402,403,406,408,410,1.00141308515274,1977.14195995984,1598.14148942466,2021-12-31
"Reference: Age and week by age, Report: Day of week",2021-12-31,2021-12-11,80+,DE,379,FALSE,7,399.339,399,5.10363620875113,4.4478,390,391,395,396,399,403,404,406,408,410.025,0.999766180033734,2012.07394504947,1935.28189373787,2021-12-31
"Independent by age, Reference: Week, Report: Day of week",2021-12-31,2021-12-11,80+,DE,379,FALSE,1,402.8815,402,5.93582974717046,5.9304,392,394,398,399,402,407,408,411,413,416,0.999941396425105,1795.20623575317,1859.0658970208,2021-12-31
"Independent by age, Reference: Week and day of week, Report: Day of week",2021-12-31,2021-12-11,80+,DE,379,FALSE,1,401.8245,401,5.85113815072157,5.9304,392,393,397,398,401,405,406.2,410,412,415,0.999980118388813,2188.84246540764,2015.97273092966,2021-12-31
"Reference: Fixed, Report: Fixed",2021-12-31,2021-12-12,80+,DE,253,FALSE,7,276.6085,276,6.41831949676715,5.9304,266,267,271,272,276,281,282,285,288,291,0.999679764328447,2132.27317717144,1997.10476267773,2021-12-31
"Reference: Fixed, Report: Day of week",2021-12-31,2021-12-12,80+,DE,253,FALSE,7,273.9745,274,5.17012716066333,5.9304,265,266,269,270,274,277,278,281,283,285,1.00005237171053,2056.92065379468,1950.93551360243,2021-12-31
"Reference: Age, Report: Day of week",2021-12-31,2021-12-12,80+,DE,253,FALSE,7,270.7325,270,4.66098767999622,4.4478,262.975,264,267,267,270,274,275,277,279,281,1.00017518999968,2098.1213792246,1912.44571166554,2021-12-31
"Reference: Age and week, Report: Day of week",2021-12-31,2021-12-12,80+,DE,253,FALSE,7,268.206,268,4.35948007602588,4.4478,261,262,264,265,268,271,272,274,276,277,1.0009152247844,1747.78900637357,1883.48173024472,2021-12-31
"Reference: Age and week by age, Report: Day of week",2021-12-31,2021-12-12,80+,DE,253,FALSE,7,268.6,268,4.42366187588926,4.4478,261,262,265,265,268,271,272,274,277,278,1.0005523236611,2212.51638970487,1928.55533890578,2021-12-31
"Independent by age, Reference: Week, Report: Day of week",2021-12-31,2021-12-12,80+,DE,253,FALSE,1,272.088,272,5.19266192515308,4.4478,263,264,268,268,272,275,276,279,281,283,1.00088761385105,2030.16021410789,1920.61508286336,2021-12-31
"Independent by age, Reference: Week and day of week, Report: Day of week",2021-12-31,2021-12-12,80+,DE,253,FALSE,1,272.111,272,5.25723294605866,4.4478,263,264,268,268,272,275,276,279,281,284,1.00107143062391,1799.25301303296,1682.76929301251,2021-12-31
"Reference: Fixed, Report: Fixed",2021-12-31,2021-12-13,80+,DE,125,FALSE,7,141.4215,141,5.32193566755789,4.4478,132,133.95,137,138,141,145,146,149,151,153,0.999587889822196,2477.45439618257,2005.1901250218,2021-12-31
"Reference: Fixed, Report: Day of week",2021-12-31,2021-12-13,80+,DE,125,FALSE,7,137.38,137,3.9317081738835,4.4478,130,131,134,135,137,140,141,142,144,146,1.00117553109845,1892.23916537355,1866.0054283748,2021-12-31
"Reference: Age, Report: Day of week",2021-12-31,2021-12-13,80+,DE,125,FALSE,7,135.5865,135,3.48691798706598,2.9652,130,130,133,133,135,138,138,140,142,143,1.00040631519436,2134.22357171546,1758.16629308977,2021-12-31
"Reference: Age and week, Report: Day of week",2021-12-31,2021-12-13,80+,DE,125,FALSE,7,134.1555,134,3.39073270608906,2.9652,128,129,131,132,134,136,137,138,140,142,1.00005718123575,1848.91096427811,2006.74091029774,2021-12-31
"Reference: Age and week by age, Report: Day of week",2021-12-31,2021-12-13,80+,DE,125,FALSE,7,133.847,134,3.17042848971621,2.9652,128,129,131,132,134,136,137,138,139,140.025,0.999391257064428,1988.99683862652,1801.57707560164,2021-12-31
"Independent by age, Reference: Week, Report: Day of week",2021-12-31,2021-12-13,80+,DE,125,FALSE,1,135.6335,135,3.63590258997981,2.9652,129,130,133,133,135,138,139,140.1,142,144,1.00158206383945,1783.33703547889,1846.3960743294,2021-12-31
"Independent by age, Reference: Week and day of week, Report: Day of week",2021-12-31,2021-12-13,80+,DE,125,FALSE,1,135.6985,135.5,3.72807551204529,3.7065,129,130,132,133,135.5,138,139,140,142,144,1.00330221697127,1844.83583290521,1982.72061157864,2021-12-31
"Reference: Fixed, Report: Fixed",2021-12-31,2021-12-14,80+,DE,349,FALSE,7,378.798,378,7.81701662237181,7.413,365,367,372,373,378,384,385,389,392,396,0.999442874317318,2014.53528199447,1876.42618561079,2021-12-31
"Reference: Fixed, Report: Day of week",2021-12-31,2021-12-14,80+,DE,349,FALSE,7,375.3025,375,5.9021531203221,5.9304,364,366,370,371,375,379,380,383,385,388,1.00188108282511,1856.98591461509,1967.32845935173,2021-12-31
"Reference: Age, Report: Day of week",2021-12-31,2021-12-14,80+,DE,349,FALSE,7,369.511,369,5.3579130840569,5.9304,360,361,365,366,369,373,374,377,379,380,0.999786042615361,2113.87430357351,1786.89501078811,2021-12-31
"Reference: Age and week, Report: Day of week",2021-12-31,2021-12-14,80+,DE,349,FALSE,7,369.9485,370,5.2703639455031,5.9304,360,362,365,366,370,373,374,377,379,381,0.999672082061051,2135.25547094883,1799.25403153006,2021-12-31
"Reference: Age and week by age, Report: Day of week",2021-12-31,2021-12-14,80+,DE,349,FALSE,7,369.3645,369,5.34068358926086,5.1891,360,361,365,366,369,373,374,376,379,381,1.0004600346978,1855.43421394005,1682.53583172271,2021-12-31
"Independent by age, Reference: Week, Report: Day of week",2021-12-31,2021-12-14,80+,DE,349,FALSE,1,372.271,372,5.74239031443019,5.9304,362,364,367,368,372,376,377,380,382,384,0.999501027100332,1669.68951267867,1829.01148326733,2021-12-31
"Independent by age, Reference: Week and day of week, Report: Day of week",2021-12-31,2021-12-14,80+,DE,349,FALSE,1,371.1315,371,5.57375466992944,5.9304,361,363,366,367,371,375,376,379,381,382,1.00052381113814,1981.16649845214,1815.08979823722,2021-12-31
"Reference: Fixed, Report: Fixed",2021-12-31,2021-12-15,80+,DE,415,FALSE,7,457.3365,457,10.0873755418672,10.3782,440,442,449,450,457,463,465,471,475,479.025,0.999856017093252,2382.83613803576,1970.80353543302,2021-12-31
"Reference: Fixed, Report: Day of week",2021-12-31,2021-12-15,80+,DE,415,FALSE,7,454.2175,454,7.53548840771263,7.413,440,442,448,449,454,459,461,464,467,470,0.99971467304583,2067.06649382223,1840.45514709335,2021-12-31
"Reference: Age, Report: Day of week",2021-12-31,2021-12-15,80+,DE,415,FALSE,7,445.816,446,6.52828103152838,7.413,434,436,440,441,446,450,451,454,457,459.025,1.0002447171604,1971.36092786619,1912.24369025531,2021-12-31
"Reference: Age and week, Report: Day of week",2021-12-31,2021-12-15,80+,DE,415,FALSE,7,446.896,447,6.88504799859605,7.413,434,436,441,442,447,451,453,456,459,461,1.00176970982757,2096.2973334752,1881.32747125725,2021-12-31
"Reference: Age and week by age, Report: Day of week",2021-12-31,2021-12-15,80+,DE,415,FALSE,7,448.79,448,7.06667311642949,7.413,436,438,443,444,448,454,455,458,461,464,1.00088631263839,2125.09769157123,1978.34125315836,2021-12-31
"Independent by age, Reference: Week, Report: Day of week",2021-12-31,2021-12-15,80+,DE,415,FALSE,1,449.174,449,7.36225681518285,7.413,436,438,443,444,449,454,455,459,461,464,1.00273906023104,1866.79653385548,1918.02678316336,2021-12-31
"Independent by age, Reference: Week and day of week, Report: Day of week",2021-12-31,2021-12-15,80+,DE,415,FALSE,1,448.3125,448,7.24721358884925,7.413,435,437,442,443,448,453,454,458,461,463.025,1.00066373554458,1800.47277673665,1788.01985083315,2021-12-31
"Reference: Fixed, Report: Fixed",2021-12-31,2021-12-16,80+,DE,368,FALSE,7,412.931,412,10.7013783574535,10.3782,394,397,404,405,412,420,422,427,432,436,1.00154431607966,2249.91784916517,1912.59410902145,2021-12-31
"Reference: Fixed, Report: Day of week",2021-12-31,2021-12-16,80+,DE,368,FALSE,7,412.2195,412,8.22533572712458,8.8956,396.975,399,405,406,412,417,419,423,427,429,1.00121594795529,2200.50373506957,2030.49096539034,2021-12-31
"Reference: Age, Report: Day of week",2021-12-31,2021-12-16,80+,DE,368,FALSE,7,403.172,403,7.45588432753304,7.413,390,392,397,398,403,408,409,413,416,419,0.999835843815034,2266.68348994437,1811.09616386165,2021-12-31
"Reference: Age and week, Report: Day of week",2021-12-31,2021-12-16,80+,DE,368,FALSE,7,402.7485,402,7.30293873773453,7.413,389.975,391,397,398,402,407,409,412,416,419,1.00096811777401,2027.21080403765,1879.35900814538,2021-12-31
"Reference: Age and week by age, Report: Day of week",2021-12-31,2021-12-16,80+,DE,368,FALSE,7,405.3575,405,7.75369290253447,7.413,391,393,399,400,405,410,412,415,419,422,0.999272375166702,2134.22841086395,1907.59655007819,2021-12-31
"Independent by age, Reference: Week, Report: Day of week",2021-12-31,2021-12-16,80+,DE,368,FALSE,1,406.3155,406,7.82857605516647,7.413,392,394,400,401,406,411,413,417,420,423,1.00075508425974,1730.68438165058,1846.38491843061,2021-12-31
"Independent by age, Reference: Week and day of week, Report: Day of week",2021-12-31,2021-12-16,80+,DE,368,FALSE,1,406.1035,406,8.00117473553567,7.413,392,394,399,401,406,411,413,416,420,423,1.00039283419379,1822.16023452622,1835.90885741206,2021-12-31
"Reference: Fixed, Report: Fixed",2021-12-31,2021-12-17,80+,DE,297,FALSE,7,339.7865,339,10.3870045095466,10.3782,322,324,331,333,339,346,348,354,359,363,1.00020310609624,2373.99722463461,1999.0041539425,2021-12-31
"Reference: Fixed, Report: Day of week",2021-12-31,2021-12-17,80+,DE,297,FALSE,7,341.0315,341,8.25042680843001,8.8956,325,328,334,335,341,347,348,352,355,358,0.999411840202519,2266.19682966607,1800.8323445721,2021-12-31
"Reference: Age, Report: Day of week",2021-12-31,2021-12-17,80+,DE,297,FALSE,7,332.1465,332,7.43361736192695,7.413,319,321,326,327,332,337,338,342,345,348,0.999955343166342,2074.37082604326,1808.82971445912,2021-12-31
"Reference: Age and week, Report: Day of week",2021-12-31,2021-12-17,80+,DE,297,FALSE,7,329.957,330,6.99103628185029,7.413,317,319,324,325,330,334,335.2,339,342,345,0.999623620046523,2214.16789911309,1908.95790022372,2021-12-31
"Reference: Age and week by age, Report: Day of week",2021-12-31,2021-12-17,80+,DE,297,FALSE,7,331.6525,331,7.54289011889162,7.413,318,320,325,326,331,336,338,341,344,348,1.00032587761713,1870.99261650358,1840.02065559048,2021-12-31
"Independent by age, Reference: Week, Report: Day of week",2021-12-31,2021-12-17,80+,DE,297,FALSE,1,329.0365,328,7.98285855852292,7.413,315,317,322,323,328,334,336,339,343,346,0.999904747313036,1249.32942213949,1707.27233707132,2021-12-31
"Independent by age, Reference: Week and day of week, Report: Day of week",2021-12-31,2021-12-17,80+,DE,297,FALSE,1,327.4925,327,8.06557316532698,7.413,314,315,320,322,327,333,334,338,342,345,0.999850525947216,1682.08563889491,1767.96152354881,2021-12-31
"Reference: Fixed, Report: Fixed",2021-12-31,2021-12-18,80+,DE,272,FALSE,7,315.21,314,10.4642558419203,10.3782,298,299,306,308,314,322,324,329,333,338,1.00129789912876,2151.63161985254,2041.20222288615,2021-12-31
"Reference: Fixed, Report: Day of week",2021-12-31,2021-12-18,80+,DE,272,FALSE,7,319.1705,319,8.95888165622614,8.8956,303,305,312,313,319,325,326,331,334,338,1.00092912161899,1901.57770779114,1877.59838892604,2021-12-31
"Reference: Age, Report: Day of week",2021-12-31,2021-12-18,80+,DE,272,FALSE,7,310.3715,310,7.76083778026095,7.413,296,298,304,305,310,315,317,320,323,327,1.00251767831404,2081.6769025313,1881.27303436229,2021-12-31
"Reference: Age and week, Report: Day of week",2021-12-31,2021-12-18,80+,DE,272,FALSE,7,305.316,305,7.73970900924407,7.413,292,293,299,300,305,310,312,315,319,322,1.00055420870811,1727.27579423131,1505.08816914554,2021-12-31
"Reference: Age and week by age, Report: Day of week",2021-12-31,2021-12-18,80+,DE,272,FALSE,7,306.211,306,7.49303354963048,7.413,292,294,300,301,306,311,313,316,319,322,1.00234552998896,1894.57945198917,1672.71362224309,2021-12-31
"Independent by age, Reference: Week, Report: Day of week",2021-12-31,2021-12-18,80+,DE,272,FALSE,1,306.1885,306,8.15654536959019,7.413,292,294,299,300,306,311,313,317,321,324,1.0025516951331,1027.2620781262,1689.05221835517,2021-12-31
"Independent by age, Reference: Week and day of week, Report: Day of week",2021-12-31,2021-12-18,80+,DE,272,FALSE,1,304.205,304,8.46916987781032,8.8956,289,291,297,298,304,310,311,315,319,323,1.00094171236764,1486.47123070264,1488.4824414921,2021-12-31
"Reference: Fixed, Report: Fixed",2021-12-31,2021-12-19,80+,DE,163,FALSE,7,197.038,196,8.87202978219912,8.8956,182,183.95,190,191,196,202,204,209,213,217,0.999320867380751,2124.89973297411,2054.14492433739,2021-12-31
"Reference: Fixed, Report: Day of week",2021-12-31,2021-12-19,80+,DE,163,FALSE,7,200.0625,200,7.61384128016337,7.413,186,188,193,195,200,205,206,210,213,216,1.00127810588938,2055.95272711471,1914.37647875923,2021-12-31
"Reference: Age, Report: Day of week",2021-12-31,2021-12-19,80+,DE,163,FALSE,7,193.4805,193,6.84712065620581,7.413,182,183,188,189,193,198,199,203,206,208.025,1.00211931157352,2024.00742374878,2038.8865520782,2021-12-31
"Reference: Age and week, Report: Day of week",2021-12-31,2021-12-19,80+,DE,163,FALSE,7,189.574,189,6.44168236067395,5.9304,178,180,184,185,189,194,195,198,201,203,1.00065284055259,1784.14154567151,1808.069409181,2021-12-31
"Reference: Age and week by age, Report: Day of week",2021-12-31,2021-12-19,80+,DE,163,FALSE,7,187.0495,187,6.18289283684555,5.9304,176,178,182,183,187,191,192,195,198,200,0.999874421587702,2010.95551330354,1904.51901029754,2021-12-31
"Independent by age, Reference: Week, Report: Day of week",2021-12-31,2021-12-19,80+,DE,163,FALSE,1,189.3215,189,7.14357425078919,7.413,177,179,183,184,189,194,195,199,202,205,1.00171271943386,1251.92542274735,1006.64417936855,2021-12-31
"Independent by age, Reference: Week and day of week, Report: Day of week",2021-12-31,2021-12-19,80+,DE,163,FALSE,1,189.1135,189,6.7761032708902,7.413,177,179,183,184,189,194,195,198,201,203,1.00060790256115,1715.34766674032,1982.62005247852,2021-12-31
"Reference: Fixed, Report: Fixed",2021-12-31,2021-12-20,80+,DE,105,FALSE,7,132.796,132,8.32820890298544,8.8956,119,120.95,126,127,132,138,139,144,148,151,1.00028737333726,2252.28219643964,2136.50877344785,2021-12-31
"Reference: Fixed, Report: Day of week",2021-12-31,2021-12-20,80+,DE,105,FALSE,7,132.1055,132,6.37210103386575,5.9304,121,122,127,127.75,132,136,137,141,143,145,1.00032562994556,1926.86198439125,1502.99380745385,2021-12-31
"Reference: Age, Report: Day of week",2021-12-31,2021-12-20,80+,DE,105,FALSE,7,126.489,126,6.02445234133415,5.9304,116,117,121,122,126,130,131,135,138,140,1.0010285559369,2118.91981105209,1982.87513456388,2021-12-31
"Reference: Age and week, Report: Day of week",2021-12-31,2021-12-20,80+,DE,105,FALSE,7,126.7845,126,5.82116850394967,5.9304,117,118,122,123,126,131,132,134,137,139,1.00167926262599,2116.41288037402,1889.05625927925,2021-12-31
"Reference: Age and week by age, Report: Day of week",2021-12-31,2021-12-20,80+,DE,105,FALSE,7,122.82,122,5.54851268327813,5.9304,113,115,118,119,122,126,127,130,132,134,1.00123697927595,2188.22984717775,1501.44020601164,2021-12-31
"Independent by age, Reference: Week, Report: Day of week",2021-12-31,2021-12-20,80+,DE,105,FALSE,1,123.3715,123,5.44144212467597,5.9304,114,115,119,120,123,127,128,130,133,135,1.00114723508517,1593.4947022075,1712.03393624539,2021-12-31
"Independent by age, Reference: Week and day of week, Report: Day of week",2021-12-31,2021-12-20,80+,DE,105,FALSE,1,123.3405,123,5.40455033579724,5.9304,114,115,119,120,123,127,128,130.1,132.05,135,1.00480979180176,1463.51336937092,1475.74689055367,2021-12-31
"Reference: Fixed, Report: Fixed",2021-12-31,2021-12-21,80+,DE,247,FALSE,7,294.9105,294,11.89420976202,11.8608,274,277,285,287,294,302,305,310,315.05,321,1.00264146550399,2113.89245015679,2076.91560676785,2021-12-31
"Reference: Fixed, Report: Day of week",2021-12-31,2021-12-21,80+,DE,247,FALSE,7,295.6155,295,8.9614068737324,8.8956,280,282,288,289,295,302,303,307,311,315,1.00056095415976,1965.04563847486,2014.39273237435,2021-12-31
"Reference: Age, Report: Day of week",2021-12-31,2021-12-21,80+,DE,247,FALSE,7,286.4935,286,8.36181306349612,7.413,271,273,279.8,281,286,292,293,297,301,305,0.999890852226687,2274.24091545581,1929.95949503919,2021-12-31
"Reference: Age and week, Report: Day of week",2021-12-31,2021-12-21,80+,DE,247,FALSE,7,288.0405,288,8.71836364705793,8.8956,273,275,281,282,288,293,295,299,304,307,1.00188456794202,1899.46864047748,1812.40194177954,2021-12-31
"Reference: Age and week by age, Report: Day of week",2021-12-31,2021-12-21,80+,DE,247,FALSE,7,286.3375,286,8.86847894000739,8.8956,270,272,279,280,286,292,294,298,301.05,304,1.0000343847118,2035.24648161148,1824.62344535667,2021-12-31
"Independent by age, Reference: Week, Report: Day of week",2021-12-31,2021-12-21,80+,DE,247,FALSE,1,281.177,281,8.33585113873224,7.413,267,269,274,275,281,286,288,292,296,300,1.00218259009609,1284.4128528397,1677.42208683184,2021-12-31
"Independent by age, Reference: Week and day of week, Report: Day of week",2021-12-31,2021-12-21,80+,DE,247,FALSE,1,278.353,278,8.1673584390509,8.8956,264,266,271,273,278,284,285,289,293,296,0.99944920738608,1698.84821299565,1928.92013054846,2021-12-31
"Reference: Fixed, Report: Fixed",2021-12-31,2021-12-22,80+,DE,253,FALSE,7,316.392,315,15.3236661204715,14.826,290,294,304,306,315,326,329,337,343.05,350,1.00033964542592,1900.58793796542,1571.45272651076,2021-12-31
"Reference: Fixed, Report: Day of week",2021-12-31,2021-12-22,80+,DE,253,FALSE,7,317.855,317,11.395565122109,11.8608,297,300,308,310,317,325,327,333,337,341,1.00000788027769,1658.83699930169,1864.21184030313,2021-12-31
"Reference: Age, Report: Day of week",2021-12-31,2021-12-22,80+,DE,253,FALSE,7,306.6115,306,10.6598022233867,10.3782,288,291,298,299,306,313,315,321,326,329,0.999487332516092,2509.99988775114,1992.16858319786,2021-12-31
"Reference: Age and week, Report: Day of week",2021-12-31,2021-12-22,80+,DE,253,FALSE,7,306.4075,306,10.3557261590939,10.3782,288,290,298,299,306,313,315,320,324,329,1.00125007599569,2162.3232053894,2076.64198468909,2021-12-31
"Reference: Age and week by age, Report: Day of week",2021-12-31,2021-12-22,80+,DE,253,FALSE,7,310.787,310,11.4177849825154,11.8608,291,293,301,303,310,318,320,326,331,336,1.00031426219035,2025.73659053592,1757.57651164818,2021-12-31
"Independent by age, Reference: Week, Report: Day of week",2021-12-31,2021-12-22,80+,DE,253,FALSE,1,298.6815,298,9.90959927690895,10.3782,281,284,290,292,298,305,307,312,316,320,1.00052585233434,1554.43140781527,1839.78611624446,2021-12-31
"Independent by age, Reference: Week and day of week, Report: Day of week",2021-12-31,2021-12-22,80+,DE,253,FALSE,1,296.3675,296,10.0178152339235,10.3782,278,281,288,289,296,303,305,310,314,317,0.999367160341043,1519.78945863966,1856.19616084116,2021-12-31
"Reference: Fixed, Report: Fixed",2021-12-31,2021-12-23,80+,DE,232,FALSE,7,303.4635,302,16.8863329906447,16.3086,275,278,289,292,302,314,317,325,335,341,1.00016886647769,1868.01657318624,1768.00683278479,2021-12-31
"Reference: Fixed, Report: Day of week",2021-12-31,2021-12-23,80+,DE,232,FALSE,7,307.379,307,12.9663573223595,13.3434,283,288,296,298,307,315,318,325,330,334,1.00221601816773,2204.89472906741,1633.96600511886,2021-12-31
"Reference: Age, Report: Day of week",2021-12-31,2021-12-23,80+,DE,232,FALSE,7,294.079,293,11.7234584803022,11.8608,273,276.95,284,286,293,302,304,310,315,319,1.00032289816092,2132.85090515214,1897.4772269099,2021-12-31
"Reference: Age and week, Report: Day of week",2021-12-31,2021-12-23,80+,DE,232,FALSE,7,291.6965,291,11.6526082655213,11.8608,269.975,274,282,284,291,299,301,307,312,316,0.999884587241677,2325.58123185353,1619.20272149679,2021-12-31
"Reference: Age and week by age, Report: Day of week",2021-12-31,2021-12-23,80+,DE,232,FALSE,7,295.999,295,12.5520028436777,11.8608,274,276,285,287,295,304,306,313,317,322,0.999738357142688,2233.32416763086,2047.08481939756,2021-12-31
"Independent by age, Reference: Week, Report: Day of week",2021-12-31,2021-12-23,80+,DE,232,FALSE,1,285.929,285,11.199360331551,11.8608,266,269,276,278,285,293,295,301,305,310,1.00163090777513,1268.52116060648,1628.45391401219,2021-12-31
"Independent by age, Reference: Week and day of week, Report: Day of week",2021-12-31,2021-12-23,80+,DE,232,FALSE,1,284.9995,284,11.8776276574653,11.8608,265,267,275,276,284,293,295,301,305,310.025,1.00113885303891,1285.47120698328,1969.98007570589,2021-12-31
"Reference: Fixed, Report: Fixed",2021-12-31,2021-12-24,80+,DE,176,FALSE,7,245.5295,244,16.7980122740216,16.3086,217,221,231,234,244,256,258,267,275,283,1.0008150361087,2193.47977092431,1803.21966793537,2021-12-31
"Reference: Fixed, Report: Day of week",2021-12-31,2021-12-24,80+,DE,176,FALSE,7,254.492,253,13.3554153645546,13.3434,231,235,243,245,253,263,266,272,278,283,1.00257569497502,1962.20895896691,1904.12342657075,2021-12-31
"Reference: Age, Report: Day of week",2021-12-31,2021-12-24,80+,DE,176,FALSE,7,241.728,241,12.5179217597248,11.8608,219,222,231,233,241,250,252,258,263,268,1.00045221774359,2443.94942468411,1803.73903833786,2021-12-31
"Reference: Age and week, Report: Day of week",2021-12-31,2021-12-24,80+,DE,176,FALSE,7,236.1535,235,12.0966980123255,11.8608,215,218,226,228,235,244,246,251,257,263,1.00395317493124,2035.25180516628,1448.9186850547,2021-12-31
"Reference: Age and week by age, Report: Day of week",2021-12-31,2021-12-24,80+,DE,176,FALSE,7,236.2085,235,12.8384360601374,13.3434,214,217,225,227,235,245,247,253,259,263,0.999397445812761,1912.02554551496,1851.43622471541,2021-12-31
"Independent by age, Reference: Week, Report: Day of week",2021-12-31,2021-12-24,80+,DE,176,FALSE,1,228.779,228,14.1069721177567,14.826,203,207,217,219,228,238,240,247,253,258,1.00065785545714,1066.72129364077,1645.03657326353,2021-12-31
"Independent by age, Reference: Week and day of week, Report: Day of week",2021-12-31,2021-12-24,80+,DE,176,FALSE,1,227.584,227,14.1478275545137,14.826,203,205.95,215,217,227,237,239,246,253,257.025,1.00084820500544,1439.75679075238,1727.44641906932,2021-12-31
"Reference: Fixed, Report: Fixed",2021-12-31,2021-12-25,80+,DE,95,FALSE,7,150.832,149,14.9116046747823,14.826,125.975,129,138,140,149,160,163,171,177,184,1.00011147961857,2489.0505907825,2046.03659806768,2021-12-31
"Reference: Fixed, Report: Day of week",2021-12-31,2021-12-25,80+,DE,95,FALSE,7,156.6175,156,11.5279504063075,11.8608,136,139,147,149,156,164,166,171,176,181,1.00047811514135,2370.71063068086,1947.08301130537,2021-12-31
"Reference: Age, Report: Day of week",2021-12-31,2021-12-25,80+,DE,95,FALSE,7,144.663,144,10.3774407557123,10.3782,126,129,136,137,144,151,153,158,163,166,1.00042480157218,2351.86576277401,2024.20461421857,2021-12-31
"Reference: Age and week, Report: Day of week",2021-12-31,2021-12-25,80+,DE,95,FALSE,7,141.3195,141,10.388954949487,10.3782,123,126,132,134,141,148,150,155,159,164.025,1.00151526427679,2381.76355809743,1850.12393232614,2021-12-31
"Reference: Age and week by age, Report: Day of week",2021-12-31,2021-12-25,80+,DE,95,FALSE,7,135.5365,135,10.5210272196625,10.3782,117,119,127,128,135,143,145,149,154,157,0.999503525268014,1446.18019680067,1709.31008076103,2021-12-31
"Independent by age, Reference: Week, Report: Day of week",2021-12-31,2021-12-25,80+,DE,95,FALSE,1,135.2255,135,11.166333025959,10.3782,115,118,126,127,135,142,144,150,155,159,1.00012471423164,1408.45702752275,1704.42544411326,2021-12-31
"Independent by age, Reference: Week and day of week, Report: Day of week",2021-12-31,2021-12-25,80+,DE,95,FALSE,1,133.1565,132,11.6737802927399,11.8608,113,116,123,125,132,141,143,149,153.05,157,1.00134973936561,1130.12924917238,1460.12787787352,2021-12-31
"Reference: Fixed, Report: Fixed",2021-12-31,2021-12-26,80+,DE,76,FALSE,7,129.0455,128,14.5716710280007,14.826,105,108,117,119,128,138,140,148,154,162,1.00052416700202,2588.44297364506,1924.77758742353,2021-12-31
"Reference: Fixed, Report: Day of week",2021-12-31,2021-12-26,80+,DE,76,FALSE,7,128.0145,127,10.7326084523799,10.3782,109,112,119,120,127,135,137,142,146,151,1.00031720289869,2440.21425746689,1723.43763978634,2021-12-31
"Reference: Age, Report: Day of week",2021-12-31,2021-12-26,80+,DE,76,FALSE,7,87.152,86,4.94075920793307,4.4478,79,80,83,84,86,90,91,94,97,98.0249999999999,0.999412721130009,2030.1496434198,1774.6572587837,2021-12-31
"Reference: Age and week, Report: Day of week",2021-12-31,2021-12-26,80+,DE,76,FALSE,7,94.953,92,10.5879574716614,8.8956,81,82,86,87,92,100,103,111,116,121,1.00541927417156,652.110609133093,1157.95089864327,2021-12-31
"Reference: Age and week by age, Report: Day of week",2021-12-31,2021-12-26,80+,DE,76,FALSE,7,91.607,91,6.08671299122266,5.9304,82,83,86,87,91,95,96,100,103,106,1.00037817810929,912.389321368761,1230.67292394406,2021-12-31
"Independent by age, Reference: Week, Report: Day of week",2021-12-31,2021-12-26,80+,DE,76,FALSE,1,109.5695,109,9.76661984422404,10.3782,92,95,101,103,109,116,117,123,127,130,1.00073186760235,1160.94327811453,1848.63627437262,2021-12-31
"Independent by age, Reference: Week and day of week, Report: Day of week",2021-12-31,2021-12-26,80+,DE,76,FALSE,1,107.995,107,9.25936514678305,8.8956,92,94,100,102,107,114,116,120,124,128.025,1.00075593347225,1385.47785291841,1601.37120747791,2021-12-31
"Reference: Fixed, Report: Fixed",2021-12-31,2021-12-27,80+,DE,76,FALSE,7,139.763,138,17.7877213975331,16.3086,111,115,125,127,138,150,153,164,172,180,0.99988259559326,2056.58888434496,1763.28378932393,2021-12-31
"Reference: Fixed, Report: Day of week",2021-12-31,2021-12-27,80+,DE,76,FALSE,7,133.1275,132,11.504843521849,11.8608,113,116,123,125,132,140,142,148,153,159,0.999637833368991,2310.64164726281,1852.49171416828,2021-12-31
"Reference: Age, Report: Day of week",2021-12-31,2021-12-27,80+,DE,76,FALSE,7,88.13,87,5.27968157361402,4.4478,80,81,84,84,87,91,92,95,98,100,1.00051443384874,2171.80349845787,1973.45658956644,2021-12-31
"Reference: Age and week, Report: Day of week",2021-12-31,2021-12-27,80+,DE,76,FALSE,7,94.227,92,10.2686997276699,8.8956,81,82,86,87,92,99,102,109,115,120,1.00641128251543,606.319279654565,1171.17051937827,2021-12-31
"Reference: Age and week by age, Report: Day of week",2021-12-31,2021-12-27,80+,DE,76,FALSE,7,87.109,86,5.0043621791803,4.4478,79,80,83,83,86,90,91,94,96,98,1.00037265445079,2014.14013205594,1901.75918593893,2021-12-31
"Independent by age, Reference: Week, Report: Day of week",2021-12-31,2021-12-27,80+,DE,76,FALSE,1,111.7135,111,10.519065696228,10.3782,94,96,103,104,111,118,120,125,131,134,0.999902516504921,1470.93107912211,1861.00229462796,2021-12-31
"Independent by age, Reference: Week and day of week, Report: Day of week",2021-12-31,2021-12-27,80+,DE,76,FALSE,1,109.4405,109,9.36366909386752,8.8956,92,95,102,103,109,116,117.2,122,126,129,1.00113630121774,1528.79672464616,1791.65342471965,2021-12-31
"Reference: Fixed, Report: Fixed",2021-12-31,2021-12-28,80+,DE,175,FALSE,7,289.6505,286,30.6695396131086,29.652,241,246.95,263.8,268,286,308,314,328,346,360,1.00068056234806,2560.13027385106,1965.86704582404,2021-12-31
"Reference: Fixed, Report: Day of week",2021-12-31,2021-12-28,80+,DE,175,FALSE,7,275.9345,274,18.3286163918453,17.7912,244,248,261,264,274,287,290,299,309,316.025,0.999874079929404,2672.92516319346,1942.61819485411,2021-12-31
"Reference: Age, Report: Day of week",2021-12-31,2021-12-28,80+,DE,175,FALSE,7,199.825,199,8.56095905900764,8.8956,186,188,193,194,199,205,207,211,215.05,219,1.00064572130027,1991.38814051912,1886.59541064151,2021-12-31
"Reference: Age and week, Report: Day of week",2021-12-31,2021-12-28,80+,DE,175,FALSE,7,205.115,202,15.2288126052783,11.8608,186,188,193,195,202,211.25,214.2,225,235,246,1.00727217544336,673.952050110624,901.918332594322,2021-12-31
"Reference: Age and week by age, Report: Day of week",2021-12-31,2021-12-28,80+,DE,175,FALSE,7,192.0155,191,8.91408942321775,8.8956,179,180,185,185,191,197,199,204,209,214,1.00005243883087,1138.4697713795,1653.35378185164,2021-12-31
"Independent by age, Reference: Week, Report: Day of week",2021-12-31,2021-12-28,80+,DE,175,FALSE,1,242.853,242,17.1745705604818,16.3086,211,216,228,231,242,254,257,266,272,279.025,0.999677231268342,1333.20890077834,1914.44949070096,2021-12-31
"Independent by age, Reference: Week and day of week, Report: Day of week",2021-12-31,2021-12-28,80+,DE,175,FALSE,1,236.021,235,16.3390648912586,16.3086,207,211,222,224,235,247,249,258,264,271,1.00097157254022,860.526608896409,1584.55811237005,2021-12-31
"Reference: Fixed, Report: Fixed",2021-12-31,2021-12-29,80+,DE,145,FALSE,7,304.9575,300,45.3033761622227,41.5128,234,242,267,273,300,330,339,365,391,412.025,1.0004322651476,2748.60241712486,1933.428981106,2021-12-31
"Reference: Fixed, Report: Day of week",2021-12-31,2021-12-29,80+,DE,145,FALSE,7,277.7825,276,24.5020686766387,23.7216,235,240,257,261,276,293,298,310,320,333,1.00207475836291,2224.85028626206,1726.79471471519,2021-12-31
"Reference: Age, Report: Day of week",2021-12-31,2021-12-29,80+,DE,145,FALSE,7,184.0285,183,11.9666740740357,11.8608,165,167,174,176,183,191,193,200,206,210.025,1.00003456742364,2234.28067290914,1909.46951353255,2021-12-31
"Reference: Age and week, Report: Day of week",2021-12-31,2021-12-29,80+,DE,145,FALSE,7,182.9875,179,17.4963540474145,13.3434,160,162,170,171,179,191,195,206,217,229,1.0036274403104,843.237103345233,900.723644303264,2021-12-31
"Reference: Age and week by age, Report: Day of week",2021-12-31,2021-12-29,80+,DE,145,FALSE,7,175.9585,174,14.0150272295177,13.3434,154,156,164,166,174,184,186,194,201,207,1.00047464018181,1337.64231016238,1352.61374802018,2021-12-31
"Independent by age, Reference: Week, Report: Day of week",2021-12-31,2021-12-29,80+,DE,145,FALSE,1,232.917,231,21.2960764563855,20.7564,195,200,215,218,231,246,250,260,270.05,279.025,0.999128789921828,1570.63923222938,1664.79593426829,2021-12-31
"Independent by age, Reference: Week and day of week, Report: Day of week",2021-12-31,2021-12-29,80+,DE,145,FALSE,1,232.382,230,22.3313999048617,22.239,194,199,213,217,230,246.25,251,262,271.05,281,1.00151984913325,1539.32906865569,1662.80657655037,2021-12-31
"Reference: Fixed, Report: Fixed",2021-12-31,2021-12-30,80+,DE,115,FALSE,7,321.0635,314,63.8357577673741,60.7866,223,232,266.8,275,314,358,370,403.1,438.05,475.025,0.999560644373222,2182.10472018505,1898.81091677792,2021-12-31
"Reference: Fixed, Report: Day of week",2021-12-31,2021-12-30,80+,DE,115,FALSE,7,287.3005,285,33.2399706313617,32.6172,228,238,259,265,285,308,314,329,347,360,1.00079924393924,2657.71034579417,1994.17628017099,2021-12-31
"Reference: Age, Report: Day of week",2021-12-31,2021-12-30,80+,DE,115,FALSE,7,180.2645,179,16.9960575645168,16.3086,151,156,166,168,179,190,193,203,212,218,1.00225725374231,2222.2969315041,1948.99160374962,2021-12-31
"Reference: Age and week, Report: Day of week",2021-12-31,2021-12-30,80+,DE,115,FALSE,7,175.1915,171,23.0639502395042,19.2738,142,146,156,159,171,186,192,206,221,233,1.00427834203484,1100.64010763172,1163.53123118298,2021-12-31
"Reference: Age and week by age, Report: Day of week",2021-12-31,2021-12-30,80+,DE,115,FALSE,7,175.6835,172.5,26.0009490677978,22.9803,133,139,155,158,172.5,190,194.2,209,223,237,1.00236702248738,1228.740032488,802.535903360637,2021-12-31
"Independent by age, Reference: Week, Report: Day of week",2021-12-31,2021-12-30,80+,DE,115,FALSE,1,238.12,236,28.2505335582031,26.6868,190,196,214,218,236,255,260,277,288.05,301,1.00023897669523,1735.05272701631,1793.28158606173,2021-12-31
"Independent by age, Reference: Week and day of week, Report: Day of week",2021-12-31,2021-12-30,80+,DE,115,FALSE,1,245.3035,243,29.4675678760271,28.1694,194,201,221,225,243,263,269,284,297,309.025,1.00071444076763,1773.12870517399,1815.44016953574,2021-12-31
"Reference: Fixed, Report: Fixed",2021-12-31,2021-12-31,80+,DE,53,FALSE,7,310.327,291,103.042389034654,88.956,167,181,226,239,291,362,381,448.1,510,562,0.999533556626496,2701.82911450712,2045.2856459013,2021-12-31
"Reference: Fixed, Report: Day of week",2021-12-31,2021-12-31,80+,DE,53,FALSE,7,237.7635,231,50.655034636421,47.4432,159,168,195,201,231,268,277,307,330,353,1.00222517649113,3288.93431737933,1585.78361762964,2021-12-31
"Reference: Age, Report: Day of week",2021-12-31,2021-12-31,80+,DE,53,FALSE,7,150.3225,146,29.2619996935109,25.2042,105,110,126,130,146,165,172,188,205,222,1.00104331374904,2189.88451589271,1722.460424702,2021-12-31
"Reference: Age and week, Report: Day of week",2021-12-31,2021-12-31,80+,DE,53,FALSE,7,148.46,143,34.7253700579682,31.1346,98,103,120,124,143,167,173,193,212,230.025,1.00003405887089,1965.75082884935,1655.27733183797,2021-12-31
"Reference: Age and week by age, Report: Day of week",2021-12-31,2021-12-31,80+,DE,53,FALSE,7,165.3985,154,56.6137638465986,48.9258,86,95,120,126,154,193,202,235,271,305,1.00022600481352,2133.38312031113,1244.66618496594,2021-12-31
"Independent by age, Reference: Week, Report: Day of week",2021-12-31,2021-12-31,80+,DE,53,FALSE,1,205.983,198,54.2239968271978,45.9606,124,133,162,170,198,233,244,271,306,341.025,0.999607188227591,2068.84490499584,1626.36905641963,2021-12-31
"Independent by age, Reference: Week and day of week, Report: Day of week",2021-12-31,2021-12-31,80+,DE,53,FALSE,1,222.527,213,64.1504396746837,53.3736,129,139,171,179,213,253,266,302,338,379,1.00378313213646,2006.92855463949,1735.49937100851,2021-12-31
"Independent by age, Reference: Week and day of week, Report: Day of week",2021-12-31,2021-11-22,00+,DE-BB,23,FALSE,1,23,23,0,0,23,23,23,23,23,23,23,23,23,23,,,,2021-12-31
"Independent by age, Reference: Week and day of week, Report: Day of week",2021-12-31,2021-11-23,00+,DE-BB,48,FALSE,1,48.161,48,0.423283101826834,0,48,48,48,48,48,48,48,49,49,49,0.999042612729264,2044.49101511552,1996.77076061424,2021-12-31
"Independent by age, Reference: Week and day of week, Report: Day of week",2021-12-31,2021-11-24,00+,DE-BB,67,FALSE,1,67.428,67,0.713491790609839,0,67,67,67,67,67,68,68,68,69,69,1.00129562695131,1887.61657313719,1826.20477919869,2021-12-31
"Independent by age, Reference: Week and day of week, Report: Day of week",2021-12-31,2021-11-25,00+,DE-BB,54,FALSE,1,54.8155,55,1.05641741697089,1.4826,54,54,54,54,55,55,55,56,57,57.0249999999999,0.999593885142273,1852.10257265272,1840.2327679753,2021-12-31
"Independent by age, Reference: Week and day of week, Report: Day of week",2021-12-31,2021-11-26,00+,DE-BB,53,FALSE,1,54.1535,54,1.24487453436206,1.4826,53,53,53,53,54,55,55,56,57,57,0.999657596246379,1457.69907739476,1838.00689678481,2021-12-31
"Independent by age, Reference: Week and day of week, Report: Day of week",2021-12-31,2021-11-27,00+,DE-BB,52,FALSE,1,53.152,53,1.21393278908192,1.4826,52,52,52,52,53,54,54,55,56,56,1.00011077486714,1888.4293612156,1832.92730894344,2021-12-31
"Independent by age, Reference: Week and day of week, Report: Day of week",2021-12-31,2021-11-28,00+,DE-BB,26,FALSE,1,27.062,27,1.10804778098351,1.4826,26,26,26,26,27,28,28,29,29,30,1.00270098420411,1585.73942296289,1779.26610491208,2021-12-31
"Independent by age, Reference: Week and day of week, Report: Day of week",2021-12-31,2021-11-29,00+,DE-BB,11,FALSE,1,11.7555,12,0.929597668840104,1.4826,11,11,11,11,12,12,12,13,13,14,1.00053148816319,2090.69126093019,2027.32192249016,2021-12-31
"Independent by age, Reference: Week and day of week, Report: Day of week",2021-12-31,2021-11-30,00+,DE-BB,56,FALSE,1,57.9105,58,1.59711149659824,1.4826,56,56,57,57,58,59,59,60,61,62,1.00094151937781,1777.54066213497,1861.30685034686,2021-12-31
"Independent by age, Reference: Week and day of week, Report: Day of week",2021-12-31,2021-12-01,00+,DE-BB,50,FALSE,1,52.486,52,1.88084363688032,1.4826,50,50,51,51,52,54,54,55,56,57,1.00037462320491,1882.88790726879,1974.40523670373,2021-12-31
"Independent by age, Reference: Week and day of week, Report: Day of week",2021-12-31,2021-12-02,00+,DE-BB,53,FALSE,1,56.635,56,2.25506489015935,1.4826,53,54,55,55,56,58,58,60,61,62,1.00098690957415,1692.71842672636,1887.44526448103,2021-12-31
"Independent by age, Reference: Week and day of week, Report: Day of week",2021-12-31,2021-12-03,00+,DE-BB,55,FALSE,1,59.362,59,2.59987224067528,2.9652,55,56,57,57,59,61,62,63,64,65,1.0028140634756,1976.4692104769,1873.75069936484,2021-12-31
"Independent by age, Reference: Week and day of week, Report: Day of week",2021-12-31,2021-12-04,00+,DE-BB,52,FALSE,1,56.0815,56,2.46939399516393,2.9652,52,53,54,54,56,57,58,59,61,62,1.00115319987309,1891.09517607536,1997.36010288198,2021-12-31
"Independent by age, Reference: Week and day of week, Report: Day of week",2021-12-31,2021-12-05,00+,DE-BB,29,FALSE,1,32.143,32,2.1111085689028,1.4826,29,29,30,31,32,33,34,35,36,37,1.00096358772216,1314.89345344326,1681.41228796483,2021-12-31
"Independent by age, Reference: Week and day of week, Report: Day of week",2021-12-31,2021-12-06,00+,DE-BB,16,FALSE,1,18.207,18,1.73021612057915,1.4826,16,16,17,17,18,19,19,20.1000000000001,21,22,1.00092345046706,1733.96285679498,1832.93015834265,2021-12-31
"Independent by age, Reference: Week and day of week, Report: Day of week",2021-12-31,2021-12-07,00+,DE-BB,54,FALSE,1,58.714,58,2.62061783152551,2.9652,55,55,57,57,58,60,61,62,64,65,1.00202445415014,1918.81798478522,1700.44837073167,2021-12-31
"Independent by age, Reference: Week and day of week, Report: Day of week",2021-12-31,2021-12-08,00+,DE-BB,60,FALSE,1,66.732,66,3.23116019381569,2.9652,61,62,64,64,66,69,69,71,73,74,1.00061664637314,1966.1862829777,1696.07605379714,2021-12-31
"Independent by age, Reference: Week and day of week, Report: Day of week",2021-12-31,2021-12-09,00+,DE-BB,60,FALSE,1,69.176,69,3.97025256787605,4.4478,63,64,66,66,69,72,72,74,77,78,1.0013953037482,1913.08351481516,1795.43445909785,2021-12-31
"Independent by age, Reference: Week and day of week, Report: Day of week",2021-12-31,2021-12-10,00+,DE-BB,67,FALSE,1,78.2355,78,4.77581867034187,4.4478,70.975,71,74,75,78,81,82,84,87,89,0.999934123604833,1685.78563233052,2036.25171627455,2021-12-31
"Independent by age, Reference: Week and day of week, Report: Day of week",2021-12-31,2021-12-11,00+,DE-BB,44,FALSE,1,52.2055,52,3.93726056546683,2.9652,46,47,49,49,52,54,55,57,59,61,1.0022221245292,1697.52920842186,1732.21027823706,2021-12-31
"Independent by age, Reference: Week and day of week, Report: Day of week",2021-12-31,2021-12-12,00+,DE-BB,18,FALSE,1,23.368,23,2.96174981742052,2.9652,19,19,21,21,23,25,26,27,29,30,1.0008166407289,2246.23510407565,1535.73665411808,2021-12-31
"Independent by age, Reference: Week and day of week, Report: Day of week",2021-12-31,2021-12-13,00+,DE-BB,17,FALSE,1,21.8045,21,2.80432021280166,2.9652,18,18,19,20,21,23,24,26,27,28,1.00305040814905,2025.40885780769,1904.05250879074,2021-12-31
"Independent by age, Reference: Week and day of week, Report: Day of week",2021-12-31,2021-12-14,00+,DE-BB,53,FALSE,1,62.3225,62,4.16259021868167,4.4478,56,56,59,59,62,65,65,68,70,72,1.00301089862183,1599.27950799474,1971.08797343816,2021-12-31
"Independent by age, Reference: Week and day of week, Report: Day of week",2021-12-31,2021-12-15,00+,DE-BB,64,FALSE,1,77.716,77,5.61418770186533,5.9304,69,70,73,74,77,81,82,85,88,91,1.00143732865622,1990.88429959188,1710.44043347894,2021-12-31
"Independent by age, Reference: Week and day of week, Report: Day of week",2021-12-31,2021-12-16,00+,DE-BB,44,FALSE,1,58.115,58,5.629353409576,5.9304,49,50,53,54,58,61,63,66,68,71,1.00085013164354,1766.99026058531,2095.33278582638,2021-12-31
"Independent by age, Reference: Week and day of week, Report: Day of week",2021-12-31,2021-12-17,00+,DE-BB,42,FALSE,1,54.5605,54,5.22311978037265,4.4478,46,47,50,51,54,58,58,61,64,66,1.00097033331842,2009.04331834806,2004.5095019594,2021-12-31
"Independent by age, Reference: Week and day of week, Report: Day of week",2021-12-31,2021-12-18,00+,DE-BB,61,FALSE,1,78.025,77,6.53595703529205,5.9304,68,69,72,73,77,82,83,87,90,93,1.00076596574283,1672.27149649517,1801.24537264715,2021-12-31
"Independent by age, Reference: Week and day of week, Report: Day of week",2021-12-31,2021-12-19,00+,DE-BB,20,FALSE,1,28.5925,28,4.13364091856342,4.4478,22,23,25,26,28,31,32,34,36,38,1.00240510073212,1638.28059766959,1948.98054481365,2021-12-31
"Independent by age, Reference: Week and day of week, Report: Day of week",2021-12-31,2021-12-20,00+,DE-BB,12,FALSE,1,18.61,18,3.3931779836039,2.9652,13,14,16,16,18,21,21,23,25,26,1.00038527933584,2221.47675633809,1783.25465027817,2021-12-31
"Independent by age, Reference: Week and day of week, Report: Day of week",2021-12-31,2021-12-21,00+,DE-BB,53,FALSE,1,64.1535,64,4.86433640225644,4.4478,56,57,60,61,64,67,68,70,73,76,1.00201978216405,1909.1940980442,1635.30658097974,2021-12-31
"Independent by age, Reference: Week and day of week, Report: Day of week",2021-12-31,2021-12-22,00+,DE-BB,31,FALSE,1,41.54,41,4.74970313176729,4.4478,34,35,38,38,41,44,45,48,50,53,0.999605110988847,1918.25275113461,1891.94550060864,2021-12-31
"Independent by age, Reference: Week and day of week, Report: Day of week",2021-12-31,2021-12-23,00+,DE-BB,27,FALSE,1,40.1745,39,5.37889542638672,4.4478,32,33,36,36,39,43,44,47,50,52,1.00014241342544,1924.58278723349,2018.26634829964,2021-12-31
"Independent by age, Reference: Week and day of week, Report: Day of week",2021-12-31,2021-12-24,00+,DE-BB,22,FALSE,1,35.2905,34,6.18192671089924,5.9304,26,27,30,31,34,39,40,43,47,50,0.999859655856702,2138.87492994406,1891.97595823097,2021-12-31
"Independent by age, Reference: Week and day of week, Report: Day of week",2021-12-31,2021-12-25,00+,DE-BB,7,FALSE,1,16.401,16,4.6084507059265,4.4478,9,10,12,13,16,19,20,22,25,27,1.00012276345962,2037.91645459673,1705.81837898989,2021-12-31
"Independent by age, Reference: Week and day of week, Report: Day of week",2021-12-31,2021-12-26,00+,DE-BB,8,FALSE,1,15.253,15,3.96406961643738,2.9652,9,10,12,12.75,15,17,18,20,23,25,0.999694243572353,1916.90470091959,1937.48567937106,2021-12-31
"Independent by age, Reference: Week and day of week, Report: Day of week",2021-12-31,2021-12-27,00+,DE-BB,3,FALSE,1,9.553,9,3.73525997536206,2.9652,4,5,6,7,9,12,12,14,16.05,18,1.00106606851771,2071.67892065075,1849.7301370974,2021-12-31
"Independent by age, Reference: Week and day of week, Report: Day of week",2021-12-31,2021-12-28,00+,DE-BB,21,FALSE,1,34.9565,34,6.89654906054269,5.9304,25,26,29,30,34,39,40,44,48,52,0.999866025764293,2227.38357148543,2063.3456073168,2021-12-31
"Independent by age, Reference: Week and day of week, Report: Day of week",2021-12-31,2021-12-29,00+,DE-BB,26,FALSE,1,49.6285,48,11.4614209343745,10.3782,33,35,40,42,48,55,57,64,71,78.0249999999999,0.999658851797821,2073.04321480419,1909.56737200804,2021-12-31
"Independent by age, Reference: Week and day of week, Report: Day of week",2021-12-31,2021-12-30,00+,DE-BB,16,FALSE,1,46.047,43,15.3106171821795,13.3434,26,27,34,35,43,53,56,66,75.05,86,0.999201950725717,2462.37747136179,1946.35706460435,2021-12-31
"Independent by age, Reference: Week and day of week, Report: Day of week",2021-12-31,2021-12-31,00+,DE-BB,10,FALSE,1,47.936,41,26.8396924077805,19.2738,18,20,28,30,41,57,63,80.1000000000001,102,124,0.999866990104301,2524.75105312456,1603.74374659552,2021-12-31
"Independent by age, Reference: Week and day of week, Report: Day of week",2021-12-31,2021-11-22,00+,DE-BE,10,FALSE,1,10,10,0,0,10,10,10,10,10,10,10,10,10,10,,,,2021-12-31
"Independent by age, Reference: Week and day of week, Report: Day of week",2021-12-31,2021-11-23,00+,DE-BE,51,FALSE,1,51.0205,51,0.14173847359644,0,51,51,51,51,51,51,51,51,51,51,0.999555368097023,2090.34764909176,2090.34764909176,2021-12-31
"Independent by age, Reference: Week and day of week, Report: Day of week",2021-12-31,2021-11-24,00+,DE-BE,47,FALSE,1,47.0695,47,0.271489600724689,0,47,47,47,47,47,47,47,47,48,48,0.999749100681781,1867.18812950374,1873.08581137497,2021-12-31
"Independent by age, Reference: Week and day of week, Report: Day of week",2021-12-31,2021-11-25,00+,DE-BE,49,FALSE,1,49.1145,49,0.345614633280144,0,49,49,49,49,49,49,49,50,50,50,1.00014894746888,1962.42516359479,1958.04553709706,2021-12-31
"Independent by age, Reference: Week and day of week, Report: Day of week",2021-12-31,2021-11-26,00+,DE-BE,32,FALSE,1,32.121,32,0.359755072036418,0,32,32,32,32,32,32,32,33,33,33,0.99913731968996,2031.48991722666,2016.13445152877,2021-12-31
"Independent by age, Reference: Week and day of week, Report: Day of week",2021-12-31,2021-11-27,00+,DE-BE,39,FALSE,1,39.2175,39,0.491237628041259,0,39,39,39,39,39,39,39,40,40,41,0.999403348776594,2061.37934752687,2080.07835778322,2021-12-31
"Independent by age, Reference: Week and day of week, Report: Day of week",2021-12-31,2021-11-28,00+,DE-BE,7,FALSE,1,7.068,7,0.269095161797925,0,7,7,7,7,7,7,7,7,8,8,0.999776825262753,1970.88838756291,1923.16311762975,2021-12-31
"Independent by age, Reference: Week and day of week, Report: Day of week",2021-12-31,2021-11-29,00+,DE-BE,15,FALSE,1,15.136,15,0.37225433059042,0,15,15,15,15,15,15,15,16,16,16,0.999907017549205,2010.06371341332,1793.04435014185,2021-12-31
"Independent by age, Reference: Week and day of week, Report: Day of week",2021-12-31,2021-11-30,00+,DE-BE,76,FALSE,1,76.582,76,0.817073928664017,0,76,76,76,76,76,77,77,78,78,79,1.00029865079896,2004.98572523128,1927.82678935733,2021-12-31
"Independent by age, Reference: Week and day of week, Report: Day of week",2021-12-31,2021-12-01,00+,DE-BE,42,FALSE,1,42.5035,42,0.756487863051002,0,42,42,42,42,42,43,43,43,44,45,0.999490374523103,2047.02002851432,1922.22516191381,2021-12-31
"Independent by age, Reference: Week and day of week, Report: Day of week",2021-12-31,2021-12-02,00+,DE-BE,42,FALSE,1,42.5365,42,0.744946456204274,0,42,42,42,42,42,43,43,44,44,44,1.00051320941856,1934.01057213752,1936.92440711078,2021-12-31
"Independent by age, Reference: Week and day of week, Report: Day of week",2021-12-31,2021-12-03,00+,DE-BE,29,FALSE,1,29.383,29,0.643053465024052,0,29,29,29,29,29,30,30,30,31,31,0.999581441108051,1888.77123523152,1635.04069199758,2021-12-31
"Independent by age, Reference: Week and day of week, Report: Day of week",2021-12-31,2021-12-04,00+,DE-BE,42,FALSE,1,42.714,42,0.914123520595249,0,42,42,42,42,42,43,43,44,44,45,1.00061188224692,2128.85286213999,1967.67381505784,2021-12-31
"Independent by age, Reference: Week and day of week, Report: Day of week",2021-12-31,2021-12-05,00+,DE-BE,4,FALSE,1,4.208,4,0.467809173393763,0,4,4,4,4,4,4,4,5,5,5,1.0002081096182,1873.24337690061,1794.36346686993,2021-12-31
"Independent by age, Reference: Week and day of week, Report: Day of week",2021-12-31,2021-12-06,00+,DE-BE,10,FALSE,1,10.2975,10,0.563162788333073,0,10,10,10,10,10,10.25,11,11,11,12,0.999682678100666,2141.44677229709,2052.79562760466,2021-12-31
"Independent by age, Reference: Week and day of week, Report: Day of week",2021-12-31,2021-12-07,00+,DE-BE,52,FALSE,1,53.0525,53,1.11191813141323,1.4826,52,52,52,52,53,54,54,55,55,56,1.00065086113714,2270.37976221684,2074.1477955785,2021-12-31
"Independent by age, Reference: Week and day of week, Report: Day of week",2021-12-31,2021-12-08,00+,DE-BE,39,FALSE,1,40.3125,40,1.24764660903259,1.4826,39,39,39,39,40,41,41,42,43,43,0.999634892074542,1926.49596258045,1825.73339524566,2021-12-31
"Independent by age, Reference: Week and day of week, Report: Day of week",2021-12-31,2021-12-09,00+,DE-BE,65,FALSE,1,66.943,67,1.5779721157229,1.4826,65,65,66,66,67,68,68,69,70,71,0.999878391562947,1921.5810465796,1963.70677875009,2021-12-31
"Independent by age, Reference: Week and day of week, Report: Day of week",2021-12-31,2021-12-10,00+,DE-BE,51,FALSE,1,52.822,53,1.51243503327083,1.4826,51,51,52,52,53,54,54,55,56,56,1.00097317698786,1925.47531824624,1769.8083898988,2021-12-31
"Independent by age, Reference: Week and day of week, Report: Day of week",2021-12-31,2021-12-11,00+,DE-BE,31,FALSE,1,32.289,32,1.27172624562911,1.4826,31,31,31,31,32,33,33,34,35,35,1.00044292508719,1916.38939027561,1973.28518477764,2021-12-31
"Independent by age, Reference: Week and day of week, Report: Day of week",2021-12-31,2021-12-12,00+,DE-BE,3,FALSE,1,3.3545,3,0.625320128119442,0,3,3,3,3,3,4,4,4,5,5,0.9992811232428,1930.20484404466,1632.48656135325,2021-12-31
"Independent by age, Reference: Week and day of week, Report: Day of week",2021-12-31,2021-12-13,00+,DE-BE,10,FALSE,1,10.641,10,0.852339275828916,0,10,10,10,10,10,11,11,12,12,13,1.00381382977267,1712.24051814134,1943.21978173246,2021-12-31
"Independent by age, Reference: Week and day of week, Report: Day of week",2021-12-31,2021-12-14,00+,DE-BE,61,FALSE,1,63.826,63,2.0442146185524,1.4826,61,61,62,62,63,65,65,66,68,69,0.999513093033952,1864.31055292386,1852.39838094122,2021-12-31
"Independent by age, Reference: Week and day of week, Report: Day of week",2021-12-31,2021-12-15,00+,DE-BE,52,FALSE,1,54.3595,54,1.86842319955258,1.4826,52,52,53,53,54,55,56,57,58,59,0.999908996505475,1996.35389700683,2023.78316017965,2021-12-31
"Independent by age, Reference: Week and day of week, Report: Day of week",2021-12-31,2021-12-16,00+,DE-BE,44,FALSE,1,46.399,46,1.82440763855445,1.4826,44,44,45,45,46,47,48,49,50,51,1.00014009895288,1936.95912418618,1759.79470234124,2021-12-31
"Independent by age, Reference: Week and day of week, Report: Day of week",2021-12-31,2021-12-17,00+,DE-BE,37,FALSE,1,39.9955,40,2.22732131272411,2.9652,37,37,38,38,40,41,42,43,44,45,1.00026725553964,1976.54569646748,1833.44130400712,2021-12-31
"Independent by age, Reference: Week and day of week, Report: Day of week",2021-12-31,2021-12-18,00+,DE-BE,26,FALSE,1,28.364,28,1.91633508815265,1.4826,26,26,27,27,28,29,30,31,32,33,0.999804892780911,1866.69341457427,1883.62563590222,2021-12-31
"Independent by age, Reference: Week and day of week, Report: Day of week",2021-12-31,2021-12-19,00+,DE-BE,2,FALSE,1,2.5715,2,0.857470336331727,0,2,2,2,2,2,3,3,4,4,5,1.00365265774281,2097.74767148726,1891.69506994134,2021-12-31
"Independent by age, Reference: Week and day of week, Report: Day of week",2021-12-31,2021-12-20,00+,DE-BE,2,FALSE,1,2.5725,2,0.796907322491342,0,2,2,2,2,2,3,3,4,4,5,0.999806165822595,1695.57810210281,1695.44152131676,2021-12-31
"Independent by age, Reference: Week and day of week, Report: Day of week",2021-12-31,2021-12-21,00+,DE-BE,33,FALSE,1,36.3065,36,2.27687281702612,1.4826,33,33,34,35,36,38,38,39,41,42,1.00095319236065,1811.1618247599,2111.58837803412,2021-12-31
"Independent by age, Reference: Week and day of week, Report: Day of week",2021-12-31,2021-12-22,00+,DE-BE,37,FALSE,1,42.2115,42,3.27782547124003,2.9652,37,38,39,40,42,44,45,47,48,50,1.00015497041794,1720.82209301902,1784.19631643604,2021-12-31
"Independent by age, Reference: Week and day of week, Report: Day of week",2021-12-31,2021-12-23,00+,DE-BE,32,FALSE,1,36.9025,36,3.04164750748339,2.9652,32,33,34,35,36,39,39,41,43,44,1.00074887631664,1724.95642429115,1760.04035107011,2021-12-31
"Independent by age, Reference: Week and day of week, Report: Day of week",2021-12-31,2021-12-24,00+,DE-BE,16,FALSE,1,19.885,19,2.63462437983319,2.9652,16,16,18,18,19,21,22,23,25,26,1.00265004224186,2184.62419587364,1938.3865568273,2021-12-31
"Independent by age, Reference: Week and day of week, Report: Day of week",2021-12-31,2021-12-25,00+,DE-BE,6,FALSE,1,8.8715,8,2.22765997955079,1.4826,6,6,7,7,8,10,11,12,13,14,1.00030681567054,2226.66540065728,1974.8819737367,2021-12-31
"Independent by age, Reference: Week and day of week, Report: Day of week",2021-12-31,2021-12-26,00+,DE-BE,1,FALSE,1,2.455,2,1.48225285857993,1.4826,1,1,1,1,2,3,3,5,5,6,1.00019149612264,1787.9383995359,1763.87399933494,2021-12-31
"Independent by age, Reference: Week and day of week, Report: Day of week",2021-12-31,2021-12-27,00+,DE-BE,8,FALSE,1,11.805,11,2.7623885308185,2.9652,8,8,9,10,11,13,14,15,17,18,1.00039240774023,2252.80530907961,2187.72848644496,2021-12-31
"Independent by age, Reference: Week and day of week, Report: Day of week",2021-12-31,2021-12-28,00+,DE-BE,38,FALSE,1,49.7595,49,6.1052679628702,5.9304,41,42,45,46,49,53,54,58,61,64,1.00048881896737,2199.84711222838,1885.04010844946,2021-12-31
"Independent by age, Reference: Week and day of week, Report: Day of week",2021-12-31,2021-12-29,00+,DE-BE,25,FALSE,1,38.071,37,7.26521511555836,5.9304,28,29,32,33,37,42,43,47,51,56,0.999911840749916,2134.48788740052,1652.71881277258,2021-12-31
"Independent by age, Reference: Week and day of week, Report: Day of week",2021-12-31,2021-12-30,00+,DE-BE,20,FALSE,1,35.9825,34,9.54372752741605,7.413,24,25,29,30,34,40,42,47,53,60,0.999745684132377,1914.3534656988,1826.86220443765,2021-12-31
"Independent by age, Reference: Week and day of week, Report: Day of week",2021-12-31,2021-12-31,00+,DE-BE,13,FALSE,1,38.3205,33,22.9952858502709,13.3434,16.975,18,23.8,25,33,46,49,63,78,92,1.00114933514529,2836.22932477317,1462.30207939356,2021-12-31
"Independent by age, Reference: Week and day of week, Report: Day of week",2021-12-31,2021-11-22,00+,DE-BW,87,FALSE,1,87,87,0,0,87,87,87,87,87,87,87,87,87,87,,,,2021-12-31
"Independent by age, Reference: Week and day of week, Report: Day of week",2021-12-31,2021-11-23,00+,DE-BW,218,FALSE,1,218.037,218,0.199125150126011,0,218,218,218,218,218,218,218,218,218,219,0.999422320658842,1808.3517434813,1837.24018444274,2021-12-31
"Independent by age, Reference: Week and day of week, Report: Day of week",2021-12-31,2021-11-24,00+,DE-BW,286,FALSE,1,286.1445,286,0.380384142739973,0,286,286,286,286,286,286,286,287,287,287,0.999796940149138,2130.31240242753,2039.83927444937,2021-12-31
"Independent by age, Reference: Week and day of week, Report: Day of week",2021-12-31,2021-11-25,00+,DE-BW,238,FALSE,1,238.2365,238,0.492634849099486,0,238,238,238,238,238,238,239,239,239,240,0.999106721198546,1964.38562618028,1953.6931898406,2021-12-31
"Independent by age, Reference: Week and day of week, Report: Day of week",2021-12-31,2021-11-26,00+,DE-BW,275,FALSE,1,275.5325,275,0.736352400300776,0,275,275,275,275,275,276,276,276,277,277,0.999596817575858,1975.92083934515,1848.35559720179,2021-12-31
"Independent by age, Reference: Week and day of week, Report: Day of week",2021-12-31,2021-11-27,00+,DE-BW,229,FALSE,1,229.764,230,0.895938252714069,1.4826,229,229,229,229,230,230,230,231,231,232,1.00027318074944,1992.68952649138,1749.41435113644,2021-12-31
"Independent by age, Reference: Week and day of week, Report: Day of week",2021-12-31,2021-11-28,00+,DE-BW,168,FALSE,1,168.856,169,0.980685919362677,1.4826,168,168,168,168,169,169,170,170,171,171,1.00020691689126,2174.47764392958,1998.42964750885,2021-12-31
"Independent by age, Reference: Week and day of week, Report: Day of week",2021-12-31,2021-11-29,00+,DE-BW,109,FALSE,1,109.6875,109,0.844511900552673,0,109,109,109,109,109,110,110,111,111,112,1.00098013105325,1930.0041485895,1914.97856411991,2021-12-31
"Independent by age, Reference: Week and day of week, Report: Day of week",2021-12-31,2021-11-30,00+,DE-BW,203,FALSE,1,204.1625,204,1.14050169752659,1.4826,203,203,203,203,204,205,205,206,206,207,1.00286617010379,2029.1824937936,1626.87305325923,2021-12-31
"Independent by age, Reference: Week and day of week, Report: Day of week",2021-12-31,2021-12-01,00+,DE-BW,272,FALSE,1,274.388,274,1.61051323386001,1.4826,272,272,273,273,274,275,276,277,277,278,1.00021785425585,2004.32429096838,1940.90366319483,2021-12-31
"Independent by age, Reference: Week and day of week, Report: Day of week",2021-12-31,2021-12-02,00+,DE-BW,319,FALSE,1,322.678,322,2.11814996627713,1.4826,319,320,321,321,322,324,324,325,326,327,0.999787427515357,1874.83368112268,1942.54049528869,2021-12-31
"Independent by age, Reference: Week and day of week, Report: Day of week",2021-12-31,2021-12-03,00+,DE-BW,275,FALSE,1,280.2005,280,2.51822764762097,2.9652,276,277,278,278,280,282,282,284,285,286,0.999337028844779,1741.69337314965,1764.95214584048,2021-12-31
"Independent by age, Reference: Week and day of week, Report: Day of week",2021-12-31,2021-12-04,00+,DE-BW,247,FALSE,1,252.736,252,2.70424859808416,2.9652,248,249,250,251,252,254,255,256,258,259,1.00169521937752,1999.28735016006,1940.32176787375,2021-12-31
"Independent by age, Reference: Week and day of week, Report: Day of week",2021-12-31,2021-12-05,00+,DE-BW,166,FALSE,1,170.5905,170,2.32519096129829,2.9652,167,167,169,169,170,172,172,174,175,176,1.00011523969962,1903.12407067924,1845.16809024385,2021-12-31
"Independent by age, Reference: Week and day of week, Report: Day of week",2021-12-31,2021-12-06,00+,DE-BW,118,FALSE,1,121.6885,121,2.08485996425066,1.4826,118,119,120,120,121,123,123,124,126,126,0.999228290807804,1937.62017442546,1971.27847966661,2021-12-31
"Independent by age, Reference: Week and day of week, Report: Day of week",2021-12-31,2021-12-07,00+,DE-BW,224,FALSE,1,230.608,230,2.9876075544572,2.9652,226,226,228,228,230,232,233,235,236,237,1.00068303731399,1975.4391338714,1942.34147736996,2021-12-31
"Independent by age, Reference: Week and day of week, Report: Day of week",2021-12-31,2021-12-08,00+,DE-BW,259,FALSE,1,269.632,269,3.87893014238782,4.4478,263,264,266,267,269,272,273,275,277,278,1.00002362826614,1879.89539747784,1889.06991466194,2021-12-31
"Independent by age, Reference: Week and day of week, Report: Day of week",2021-12-31,2021-12-09,00+,DE-BW,227,FALSE,1,238.9025,239,4.09259922716812,4.4478,232,233,235,236,239,241,242,244,246,248,1.00003669899255,1800.25507535119,1605.33691402428,2021-12-31
"Independent by age, Reference: Week and day of week, Report: Day of week",2021-12-31,2021-12-10,00+,DE-BW,177,FALSE,1,186.6105,186,3.74309967107126,2.9652,180,181,184,184,186,189,189,191,193,195,0.999959437413785,2030.29960550946,1936.46240741246,2021-12-31
"Independent by age, Reference: Week and day of week, Report: Day of week",2021-12-31,2021-12-11,00+,DE-BW,181,FALSE,1,192.531,192,4.14627963569857,4.4478,186,186,189,190,192,195,196,198,200,201,1.00273101665747,1913.2821112504,1970.14333857034,2021-12-31
"Independent by age, Reference: Week and day of week, Report: Day of week",2021-12-31,2021-12-12,00+,DE-BW,137,FALSE,1,147.0665,147,3.62927865860296,2.9652,141,142,144,144,147,149,150,152,154,155,0.999680289567282,2157.92318623241,1791.62723947683,2021-12-31
"Independent by age, Reference: Week and day of week, Report: Day of week",2021-12-31,2021-12-13,00+,DE-BW,55,FALSE,1,60.3745,60,2.5999287614822,2.9652,56,57,58,59,60,62,62,64,65,66,1.0008876565159,2102.507831741,1630.28503623743,2021-12-31
"Independent by age, Reference: Week and day of week, Report: Day of week",2021-12-31,2021-12-14,00+,DE-BW,141,FALSE,1,151.265,151,3.78006871097998,4.4478,145,146,148,149,151,154,154,156,158,159,1.00176138354919,2044.39844233856,2029.34682608968,2021-12-31
"Independent by age, Reference: Week and day of week, Report: Day of week",2021-12-31,2021-12-15,00+,DE-BW,204,FALSE,1,224.828,224,5.84735083228961,5.9304,214,216,220,221,224,228,229,233,235,238,1.00076776645226,2197.4928057073,1978.88806851597,2021-12-31
"Independent by age, Reference: Week and day of week, Report: Day of week",2021-12-31,2021-12-16,00+,DE-BW,182,FALSE,1,204.8405,204,6.26926723037094,5.9304,194,195,199.8,201,204,209,210,213,216,218,1.00122331416941,1587.52954762014,1827.93968119564,2021-12-31
"Independent by age, Reference: Week and day of week, Report: Day of week",2021-12-31,2021-12-17,00+,DE-BW,168,FALSE,1,193.5595,193,7.02396809602001,5.9304,181,183,188,189,193,198,199,203,206,209,0.99986209130575,2149.38259532029,1982.91939583184,2021-12-31
"Independent by age, Reference: Week and day of week, Report: Day of week",2021-12-31,2021-12-18,00+,DE-BW,140,FALSE,1,166.044,165,7.14727960855747,7.413,154,155,160,161,165,171,172,175,179,181,1.00068288603737,1736.68652212181,2014.95038860534,2021-12-31
"Independent by age, Reference: Week and day of week, Report: Day of week",2021-12-31,2021-12-19,00+,DE-BW,109,FALSE,1,133.624,133,6.89995860236547,7.413,122,123,128,129,133,138,139,143,146,148,1.00087490476432,2124.38911688874,1802.31458995163,2021-12-31
"Independent by age, Reference: Week and day of week, Report: Day of week",2021-12-31,2021-12-20,00+,DE-BW,59,FALSE,1,74.3955,74,5.15833150756822,4.4478,66,67,70,71,74,78,79,81,83,86,1.00117924105651,1924.91149738105,1959.05088838708,2021-12-31
"Independent by age, Reference: Week and day of week, Report: Day of week",2021-12-31,2021-12-21,00+,DE-BW,97,FALSE,1,118.8445,118,6.66044296576813,5.9304,107,109,113,114,118,123,124,128,131,134,0.999627859889689,2076.78877093858,1805.20438977326,2021-12-31
"Independent by age, Reference: Week and day of week, Report: Day of week",2021-12-31,2021-12-22,00+,DE-BW,115,FALSE,1,150.3535,150,9.13122266532154,8.8956,135,137,143,144,150,156,158,162,167,170,1.00013179989871,2001.37856854363,1927.46009185847,2021-12-31
"Independent by age, Reference: Week and day of week, Report: Day of week",2021-12-31,2021-12-23,00+,DE-BW,105,FALSE,1,148.3055,147,11.0084405176808,10.3782,130,133,139,141,147,155,157,163,167,173,0.999525629322374,2127.34428928895,1719.62607711165,2021-12-31
"Independent by age, Reference: Week and day of week, Report: Day of week",2021-12-31,2021-12-24,00+,DE-BW,101,FALSE,1,140.297,139,11.0884745629896,10.3782,121,124,131,133,139,147,149,154,160,164,1.00028618841396,1733.77771466474,1629.74208208775,2021-12-31
"Independent by age, Reference: Week and day of week, Report: Day of week",2021-12-31,2021-12-25,00+,DE-BW,48,FALSE,1,75.355,75,8.72840578420635,8.8956,60,62,68,69,75,81,82,87,91,94.0249999999999,1.00068435240581,1706.18069091307,1618.7259605337,2021-12-31
"Independent by age, Reference: Week and day of week, Report: Day of week",2021-12-31,2021-12-26,00+,DE-BW,32,FALSE,1,53.011,52,7.40704469782502,7.413,41,42.95,47,48,52,58,59,63,66,69,1.00041195639736,1734.17599585368,1704.97182290911,2021-12-31
"Independent by age, Reference: Week and day of week, Report: Day of week",2021-12-31,2021-12-27,00+,DE-BW,35,FALSE,1,56.828,56,7.79004225785648,7.413,44,46,50,51,56,61,63,67,71,74,1.00053156063839,1793.07795708624,1492.22771318544,2021-12-31
"Independent by age, Reference: Week and day of week, Report: Day of week",2021-12-31,2021-12-28,00+,DE-BW,68,FALSE,1,102.7825,101,11.5083628269828,10.3782,84,86,93,94,101,110,112,118,123,128,1.00115164392417,1642.08378270899,1943.97132671092,2021-12-31
"Independent by age, Reference: Week and day of week, Report: Day of week",2021-12-31,2021-12-29,00+,DE-BW,69,FALSE,1,129.7205,127,19.6640717454144,19.2738,98,101.95,113,115,127,141,145,156,166,175,1.00380633156285,1504.258489785,1696.23480941528,2021-12-31
"Independent by age, Reference: Week and day of week, Report: Day of week",2021-12-31,2021-12-30,00+,DE-BW,42,FALSE,1,119.006,115,25.6078277958559,23.7216,79,84,98,101,115,134,138,153,166,181,0.999820651646418,2242.05729252231,2006.24573168331,2021-12-31
"Independent by age, Reference: Week and day of week, Report: Day of week",2021-12-31,2021-12-31,00+,DE-BW,28,FALSE,1,130.5905,121.5,44.7671180352118,39.2889,67,73,94,99,121.5,156,165,188,214,236,1.00100328574851,2250.97022601604,1574.11381713638,2021-12-31
"Independent by age, Reference: Week and day of week, Report: Day of week",2021-12-31,2021-11-22,00+,DE-BY,249,FALSE,1,249,249,0,0,249,249,249,249,249,249,249,249,249,249,,,,2021-12-31
"Independent by age, Reference: Week and day of week, Report: Day of week",2021-12-31,2021-11-23,00+,DE-BY,351,FALSE,1,351.148,351,0.391372694874268,0,351,351,351,351,351,351,351,352,352,352,0.99976545932329,1956.94162395776,1955.47227532486,2021-12-31
"Independent by age, Reference: Week and day of week, Report: Day of week",2021-12-31,2021-11-24,00+,DE-BY,487,FALSE,1,487.7045,487,0.868076337809142,0,487,487,487,487,487,488,488,489,489,490,0.999325854762949,2003.9318645831,1808.6662627068,2021-12-31
"Independent by age, Reference: Week and day of week, Report: Day of week",2021-12-31,2021-11-25,00+,DE-BY,446,FALSE,1,447.224,447,1.14912324931709,1.4826,446,446,446,446,447,448,448,449,449,450,0.999566205393323,2044.71534849012,1924.65249125839,2021-12-31
"Independent by age, Reference: Week and day of week, Report: Day of week",2021-12-31,2021-11-26,00+,DE-BY,402,FALSE,1,403.912,404,1.44370985626425,1.4826,402,402,403,403,404,405,405,406,407,407,1.00129292069776,1758.69944527134,1889.53501941335,2021-12-31
"Independent by age, Reference: Week and day of week, Report: Day of week",2021-12-31,2021-11-27,00+,DE-BY,327,FALSE,1,329.3525,329,1.65215270307473,1.4826,327,327,328,328,329,330,331,332,332,333,0.999885910237815,2215.18064908403,1983.5532800314,2021-12-31
"Independent by age, Reference: Week and day of week, Report: Day of week",2021-12-31,2021-11-28,00+,DE-BY,262,FALSE,1,264.533,264,1.72116013087047,1.4826,262,262,263,263,264,266,266,267,268,268,1.000117216252,1938.10198231301,2008.07617949897,2021-12-31
"Independent by age, Reference: Week and day of week, Report: Day of week",2021-12-31,2021-11-29,00+,DE-BY,206,FALSE,1,208.52,208,1.67720198642013,1.4826,206,206,207,207,208,210,210,211,212,212,0.99993382887165,1997.09167432518,1891.49629433335,2021-12-31
"Independent by age, Reference: Week and day of week, Report: Day of week",2021-12-31,2021-11-30,00+,DE-BY,299,FALSE,1,302.2845,302,1.88024663640355,1.4826,299,300,301,301,302,303,304,305,306,306,1.000731179613,1996.9002277939,1893.04019381763,2021-12-31
"Independent by age, Reference: Week and day of week, Report: Day of week",2021-12-31,2021-12-01,00+,DE-BY,390,FALSE,1,396.7835,396.5,2.94464993362807,2.2239,392,393,394,395,396.5,399,399,401,402,403,0.999843994307005,1856.40091153612,1902.88659955348,2021-12-31
"Independent by age, Reference: Week and day of week, Report: Day of week",2021-12-31,2021-12-02,00+,DE-BY,388,FALSE,1,396.6205,396,3.40753362312045,2.9652,391,392,394,394,396,399,399,401,403,404,1.00074607034437,1649.04431920134,1737.98598810169,2021-12-31
"Independent by age, Reference: Week and day of week, Report: Day of week",2021-12-31,2021-12-03,00+,DE-BY,341,FALSE,1,349.054,349,3.18451795053641,2.9652,344,344,346,347,349,351,352,353,355,356,1.000709564134,1860.92713619089,1838.2913249143,2021-12-31
"Independent by age, Reference: Week and day of week, Report: Day of week",2021-12-31,2021-12-04,00+,DE-BY,287,FALSE,1,295.603,295,3.32459282600582,2.9652,290,291,293,293,295,298,298,300,301,303,0.999426373619672,1890.35587632503,1858.30934376585,2021-12-31
"Independent by age, Reference: Week and day of week, Report: Day of week",2021-12-31,2021-12-05,00+,DE-BY,220,FALSE,1,228.0985,228,3.14495518593839,2.9652,223,223,225,226,228,230,231,232,234,235,1.0009499032239,1931.5418816702,1899.82319001464,2021-12-31
"Independent by age, Reference: Week and day of week, Report: Day of week",2021-12-31,2021-12-06,00+,DE-BY,175,FALSE,1,181.4765,181,2.7644653885412,2.9652,177,177,179,180,181,183,184,185,186,187,0.99998978188112,1946.62832130199,1961.85426759091,2021-12-31
"Independent by age, Reference: Week and day of week, Report: Day of week",2021-12-31,2021-12-07,00+,DE-BY,213,FALSE,1,219.9835,220,2.88537526939263,2.9652,215,216,217,218,220,222,222,224,225,226,0.999823166342208,1859.30978977519,1795.8779751876,2021-12-31
"Independent by age, Reference: Week and day of week, Report: Day of week",2021-12-31,2021-12-08,00+,DE-BY,342,FALSE,1,358.7095,358,4.78011867188029,4.4478,350,351,355,355,358,362,363,365,367,368,1.00077532801987,1891.05721548652,1824.40220503787,2021-12-31
"Independent by age, Reference: Week and day of week, Report: Day of week",2021-12-31,2021-12-09,00+,DE-BY,291,FALSE,1,308.6035,308,5.09404185114243,4.4478,300,301,304,305,308,312,313,315,317,320,0.999980198611208,1871.40794532954,1952.98865004191,2021-12-31
"Independent by age, Reference: Week and day of week, Report: Day of week",2021-12-31,2021-12-10,00+,DE-BY,252,FALSE,1,267.786,268,4.55242422047216,4.4478,260,261,264,265,268,271,271,274,276,277,0.999499005899077,1867.72418718934,1835.67734931532,2021-12-31
"Independent by age, Reference: Week and day of week, Report: Day of week",2021-12-31,2021-12-11,00+,DE-BY,183,FALSE,1,197.095,197,4.32646901838942,4.4478,189,190,194,194,197,200,200,203,205,206.025,1.00055848529752,2083.88665890372,1969.42218544782,2021-12-31
"Independent by age, Reference: Week and day of week, Report: Day of week",2021-12-31,2021-12-12,00+,DE-BY,173,FALSE,1,187.2775,187,4.46480245705118,4.4478,179,181,184,184,187,190,191,193,195,197,1.00063069854806,1939.94150947309,2049.10215630297,2021-12-31
"Independent by age, Reference: Week and day of week, Report: Day of week",2021-12-31,2021-12-13,00+,DE-BY,116,FALSE,1,126.641,126,3.63204004072487,2.9652,120,121,123,124,126,129,130,131,133,135,1.00411201172665,1834.80140003766,1845.60987001448,2021-12-31
"Independent by age, Reference: Week and day of week, Report: Day of week",2021-12-31,2021-12-14,00+,DE-BY,159,FALSE,1,170.266,170,3.88687508146962,4.4478,164,164.95,167,167,170,173,174,176,177,179,1.00147843796005,1607.77091386184,1846.90284686378,2021-12-31
"Independent by age, Reference: Week and day of week, Report: Day of week",2021-12-31,2021-12-15,00+,DE-BY,233,FALSE,1,258.0755,258,6.31432776450184,5.9304,247,249,253,254,258,262,263,266,269,272,0.99984359206904,1962.21207646673,1779.51996272572,2021-12-31
"Independent by age, Reference: Week and day of week, Report: Day of week",2021-12-31,2021-12-16,00+,DE-BY,181,FALSE,1,207.274,207,6.37732382191502,5.9304,196,198,202,203,207,211,212,216,218,221,1.00037662093378,2152.66078466906,2017.10636517519,2021-12-31
"Independent by age, Reference: Week and day of week, Report: Day of week",2021-12-31,2021-12-17,00+,DE-BY,178,FALSE,1,202.3695,202,6.43013554068153,5.9304,191,192,197,198,202,207,208,211,214,216,1.00026652174413,2013.22494043924,1977.48595121157,2021-12-31
"Independent by age, Reference: Week and day of week, Report: Day of week",2021-12-31,2021-12-18,00+,DE-BY,130,FALSE,1,151.248,151,5.84187981559788,5.9304,141,142,146,147,151,155,156,159,161,164,1.00014816502194,1978.29574603412,1895.75145868904,2021-12-31
"Independent by age, Reference: Week and day of week, Report: Day of week",2021-12-31,2021-12-19,00+,DE-BY,112,FALSE,1,132.3915,132,5.70232285941409,5.9304,122,124,127,128,132,136,137,140,142.05,144,1.00043860783147,1764.32261599178,1918.38717156836,2021-12-31
"Independent by age, Reference: Week and day of week, Report: Day of week",2021-12-31,2021-12-20,00+,DE-BY,68,FALSE,1,83.347,83,4.84172615459384,4.4478,75,76,79,80,83,86,87,89,92,94,1.00055614448781,1993.13213222369,1915.20625481885,2021-12-31
"Independent by age, Reference: Week and day of week, Report: Day of week",2021-12-31,2021-12-21,00+,DE-BY,91,FALSE,1,106.255,106,4.54282881548748,4.4478,98,99,102,103,106,109,110,112,114,116,1.00222168605238,1698.33486085788,1975.34015209843,2021-12-31
"Independent by age, Reference: Week and day of week, Report: Day of week",2021-12-31,2021-12-22,00+,DE-BY,130,FALSE,1,161.061,161,8.06522181353066,8.8956,147,149,154,155,161,166,167,172,176,178,0.999711144394767,1646.47600481816,1670.3803643046,2021-12-31
"Independent by age, Reference: Week and day of week, Report: Day of week",2021-12-31,2021-12-23,00+,DE-BY,105,FALSE,1,139.728,139,8.57576748133641,8.8956,124,126,132,134,139,145,147,151,155,158,1.00007514577046,1904.09660258375,1757.68338897516,2021-12-31
"Independent by age, Reference: Week and day of week, Report: Day of week",2021-12-31,2021-12-24,00+,DE-BY,93,FALSE,1,125.7785,125,8.96608237005066,8.8956,110,112,118,119,125,131,133,137,142,145,1.00053700823157,1726.85352528638,1885.45992296527,2021-12-31
"Independent by age, Reference: Week and day of week, Report: Day of week",2021-12-31,2021-12-25,00+,DE-BY,53,FALSE,1,81.702,81,7.82833554586857,7.413,68,70,75,76,81,87,88,92,95,98,0.999783636389632,1664.6336790302,1811.58109521098,2021-12-31
"Independent by age, Reference: Week and day of week, Report: Day of week",2021-12-31,2021-12-26,00+,DE-BY,41,FALSE,1,64.081,64,6.99556344792734,7.413,52,54,58,59,64,68,70,73,77,80,0.999623327290587,1626.32284610224,1879.08783398247,2021-12-31
"Independent by age, Reference: Week and day of week, Report: Day of week",2021-12-31,2021-12-27,00+,DE-BY,39,FALSE,1,62.958,62,7.23549667998701,7.413,50,52,57,58,62,68,69,73,75.05,78,0.999865864632513,1692.11184621165,1968.06148567993,2021-12-31
"Independent by age, Reference: Week and day of week, Report: Day of week",2021-12-31,2021-12-28,00+,DE-BY,78,FALSE,1,108.72,108,8.54781449063345,8.8956,94,96,101,103,108,114,116,120,123,127,0.999692729659566,1758.93103837443,1760.69467068765,2021-12-31
"Independent by age, Reference: Week and day of week, Report: Day of week",2021-12-31,2021-12-29,00+,DE-BY,75,FALSE,1,132.4585,131,15.1776301832331,14.826,107,110,119,122,131,142,145,152,159,166,1.00115019072108,1791.74478720019,1648.56925938593,2021-12-31
"Independent by age, Reference: Week and day of week, Report: Day of week",2021-12-31,2021-12-30,00+,DE-BY,57,FALSE,1,136.6995,135,22.5707314615489,22.239,99,104,117,120,135,150,154,167,177.05,187,0.999824199895856,2082.72500270867,1964.30999301701,2021-12-31
"Independent by age, Reference: Week and day of week, Report: Day of week",2021-12-31,2021-12-31,00+,DE-BY,29,FALSE,1,124.273,120,32.4101940960043,29.652,72,79,97,102,120,142,148,165,183,198,1.00033836476901,2449.72922390291,1846.59548833643,2021-12-31
"Independent by age, Reference: Week and day of week, Report: Day of week",2021-12-31,2021-11-22,00+,DE-HB,4,FALSE,1,4,4,0,0,4,4,4,4,4,4,4,4,4,4,,,,2021-12-31
"Independent by age, Reference: Week and day of week, Report: Day of week",2021-12-31,2021-11-23,00+,DE-HB,9,FALSE,1,9.002,9,0.0446877891515079,0,9,9,9,9,9,9,9,9,9,9,0.999667279988048,2014.81611407139,2014.81611407139,2021-12-31
"Independent by age, Reference: Week and day of week, Report: Day of week",2021-12-31,2021-11-24,00+,DE-HB,11,FALSE,1,11.0185,11,0.134784396043119,0,11,11,11,11,11,11,11,11,11,11,1.00042281842545,2084.04840151978,2084.04840151978,2021-12-31
"Independent by age, Reference: Week and day of week, Report: Day of week",2021-12-31,2021-11-25,00+,DE-HB,11,FALSE,1,11.0465,11,0.217626815248851,0,11,11,11,11,11,11,11,11,11,12,1.00091599076178,1857.6732415062,1832.60507844166,2021-12-31
"Independent by age, Reference: Week and day of week, Report: Day of week",2021-12-31,2021-11-26,00+,DE-HB,13,FALSE,1,13.051,13,0.243780053238936,0,13,13,13,13,13,13,13,13,13,14,0.999311068295657,2124.35629583654,2119.06105026236,2021-12-31
"Independent by age, Reference: Week and day of week, Report: Day of week",2021-12-31,2021-11-27,00+,DE-HB,12,FALSE,1,12.0615,12,0.26220626625432,0,12,12,12,12,12,12,12,12,13,13,0.999117716600856,1984.17073624604,1978.03730768556,2021-12-31
"Independent by age, Reference: Week and day of week, Report: Day of week",2021-12-31,2021-11-28,00+,DE-HB,5,FALSE,1,5.116,5,0.347281301182594,0,5,5,5,5,5,5,5,6,6,6,1.00053364422294,1913.7826719526,1888.51728191025,2021-12-31
"Independent by age, Reference: Week and day of week, Report: Day of week",2021-12-31,2021-11-29,00+,DE-HB,6,FALSE,1,6.1305,6,0.374886676223636,0,6,6,6,6,6,6,6,7,7,7,1.00025785458013,1419.7571078604,1416.44914586036,2021-12-31
"Independent by age, Reference: Week and day of week, Report: Day of week",2021-12-31,2021-11-30,00+,DE-HB,5,FALSE,1,5.0365,5,0.197957934096706,0,5,5,5,5,5,5,5,5,5,6,1.00143546372858,1799.6383059619,1745.31425269333,2021-12-31
"Independent by age, Reference: Week and day of week, Report: Day of week",2021-12-31,2021-12-01,00+,DE-HB,7,FALSE,1,7.137,7,0.373230023343732,0,7,7,7,7,7,7,7,8,8,8,1.0020046595691,1764.45117389783,1759.9477189539,2021-12-31
"Independent by age, Reference: Week and day of week, Report: Day of week",2021-12-31,2021-12-02,00+,DE-HB,6,FALSE,1,6.1325,6,0.379494081480778,0,6,6,6,6,6,6,6,7,7,7,0.999545854999031,2102.45488249359,1960.95662975585,2021-12-31
"Independent by age, Reference: Week and day of week, Report: Day of week",2021-12-31,2021-12-03,00+,DE-HB,4,FALSE,1,4.168,4,0.421740361438448,0,4,4,4,4,4,4,4,5,5,5,1.00040243749748,2107.99914911972,2070.24174561495,2021-12-31
"Independent by age, Reference: Week and day of week, Report: Day of week",2021-12-31,2021-12-04,00+,DE-HB,6,FALSE,1,6.159,6,0.409637524466113,0,6,6,6,6,6,6,6,7,7,7,0.999336903614981,1919.35647520369,1938.56980022853,2021-12-31
"Independent by age, Reference: Week and day of week, Report: Day of week",2021-12-31,2021-12-05,00+,DE-HB,10,FALSE,1,10.375,10,0.644657111490828,0,10,10,10,10,10,11,11,11,12,12,1.00295169134358,1751.02255360302,1762.05929293942,2021-12-31
"Independent by age, Reference: Week and day of week, Report: Day of week",2021-12-31,2021-12-06,00+,DE-HB,4,FALSE,1,4.3415,4,0.605029569847785,0,4,4,4,4,4,5,5,5,6,6,0.99972681692194,1940.81166828091,1973.94976131997,2021-12-31
"Independent by age, Reference: Week and day of week, Report: Day of week",2021-12-31,2021-12-07,00+,DE-HB,7,FALSE,1,7.098,7,0.32472869346915,0,7,7,7,7,7,7,7,7,8,8,1.00021174948747,1445.05123434062,1515.89066210208,2021-12-31
"Independent by age, Reference: Week and day of week, Report: Day of week",2021-12-31,2021-12-08,00+,DE-HB,7,FALSE,1,7.331,7,0.59717443737515,0,7,7,7,7,7,8,8,8,8,9,1.0028611082424,1922.12854390707,1784.53523730851,2021-12-31
"Independent by age, Reference: Week and day of week, Report: Day of week",2021-12-31,2021-12-09,00+,DE-HB,8,FALSE,1,8.328,8,0.587868007631984,0,8,8,8,8,8,9,9,9,9,10,0.999495111281254,1920.42991774338,1685.91337651667,2021-12-31
"Independent by age, Reference: Week and day of week, Report: Day of week",2021-12-31,2021-12-10,00+,DE-HB,5,FALSE,1,5.343,5,0.620921711559471,0,5,5,5,5,5,6,6,6,7,7,0.9993286870298,1641.11137956139,1759.35026749364,2021-12-31
"Independent by age, Reference: Week and day of week, Report: Day of week",2021-12-31,2021-12-11,00+,DE-HB,9,FALSE,1,9.3595,9,0.643013594911975,0,9,9,9,9,9,10,10,10,11,11,0.999338114118588,1803.35944338454,1704.44549778265,2021-12-31
"Independent by age, Reference: Week and day of week, Report: Day of week",2021-12-31,2021-12-12,00+,DE-HB,4,FALSE,1,4.6755,4,0.892523416513266,0,4,4,4,4,4,5,5,6,6,7,1.00005096660509,1776.44386274573,1869.64820897195,2021-12-31
"Independent by age, Reference: Week and day of week, Report: Day of week",2021-12-31,2021-12-13,00+,DE-HB,2,FALSE,1,2.56,2,0.76856707428424,0,2,2,2,2,2,3,3,4,4,4,1.00020857243963,2029.39061419352,1954.23191631604,2021-12-31
"Independent by age, Reference: Week and day of week, Report: Day of week",2021-12-31,2021-12-14,00+,DE-HB,10,FALSE,1,10.209,10,0.500444024952897,0,10,10,10,10,10,10,10,11,11,12,0.999455224900127,1489.16202746375,1514.86684852539,2021-12-31
"Independent by age, Reference: Week and day of week, Report: Day of week",2021-12-31,2021-12-15,00+,DE-HB,8,FALSE,1,8.6715,8,0.862531002263068,0,8,8,8,8,8,9,9,10,10,11,0.999110013452792,1918.4147366895,1817.87555422656,2021-12-31
"Independent by age, Reference: Week and day of week, Report: Day of week",2021-12-31,2021-12-16,00+,DE-HB,9,FALSE,1,9.6215,9,0.826788691123606,0,9,9,9,9,9,10,10,11,11,12,0.999643244589501,1837.03439932597,1897.80818827855,2021-12-31
"Independent by age, Reference: Week and day of week, Report: Day of week",2021-12-31,2021-12-17,00+,DE-HB,4,FALSE,1,4.818,5,1.02195802218073,1.4826,4,4,4,4,5,5,6,6,7,7,1.00068580010357,2007.75382415884,1796.75769936479,2021-12-31
"Independent by age, Reference: Week and day of week, Report: Day of week",2021-12-31,2021-12-18,00+,DE-HB,11,FALSE,1,11.9195,12,1.08055705623344,1.4826,11,11,11,11,12,12,13,13,14,15,1.00134027677477,1991.2036106281,2022.63624503077,2021-12-31
"Independent by age, Reference: Week and day of week, Report: Day of week",2021-12-31,2021-12-19,00+,DE-HB,5,FALSE,1,6.8515,7,1.57660730535465,1.4826,5,5,6,6,7,8,8,9,10,11,1.00119277670484,1821.66004492141,1828.60785213333,2021-12-31
"Independent by age, Reference: Week and day of week, Report: Day of week",2021-12-31,2021-12-20,00+,DE-HB,5,FALSE,1,6.435,6,1.39884001111219,1.4826,5,5,5,5,6,7,7,8,9,10,1.00018759631049,1936.59082540463,1941.20428925613,2021-12-31
"Independent by age, Reference: Week and day of week, Report: Day of week",2021-12-31,2021-12-21,00+,DE-HB,13,FALSE,1,13.7895,13,1.03282288489159,0,13,13,13,13,13,14,14,15,16,16,1.00188505969905,1470.73037830051,1522.24979341495,2021-12-31
"Independent by age, Reference: Week and day of week, Report: Day of week",2021-12-31,2021-12-22,00+,DE-HB,12,FALSE,1,13.856,14,1.58856090940242,1.4826,12,12,13,13,14,15,15,16,17,18,1.00067331275655,1569.67618486073,1326.89716699061,2021-12-31
"Independent by age, Reference: Week and day of week, Report: Day of week",2021-12-31,2021-12-23,00+,DE-HB,7,FALSE,1,8.7765,8,1.538093175106,1.4826,7,7,7,8,8,10,10,11,12,12,0.999612887215788,1812.24134571929,1818.73603937719,2021-12-31
"Independent by age, Reference: Week and day of week, Report: Day of week",2021-12-31,2021-12-24,00+,DE-HB,7,FALSE,1,9.5975,9,2.12243872068466,1.4826,7,7,8,8,9,11,11,12,14,15,1.00025064779587,1676.04372136308,1759.5232314869,2021-12-31
"Independent by age, Reference: Week and day of week, Report: Day of week",2021-12-31,2021-12-25,00+,DE-HB,2,FALSE,1,4.996,5,2.35239258531345,2.9652,2,2,3,3,5,6,7,8,9,11,0.99961032997719,1598.07078913786,1769.78616088352,2021-12-31
"Independent by age, Reference: Week and day of week, Report: Day of week",2021-12-31,2021-12-26,00+,DE-HB,2,FALSE,1,6.8085,6,3.30292028229499,2.9652,2,3,4,4,6,9,9,11,13,15,1.00184610084256,1411.34463575311,1822.66421072992,2021-12-31
"Independent by age, Reference: Week and day of week, Report: Day of week",2021-12-31,2021-12-27,00+,DE-HB,1,FALSE,1,5.292,5,3.23000812324646,2.9652,1,1,3,3,5,7,7,9,12,13,1.00088737837068,1335.43920943689,1669.61481381637,2021-12-31
"Independent by age, Reference: Week and day of week, Report: Day of week",2021-12-31,2021-12-28,00+,DE-HB,17,FALSE,1,21.4645,21,3.72836292426683,2.9652,17,17,18,19,21,23,24,26,28,31,1.00391125458326,1070.41923373077,1604.62954656447,2021-12-31
"Independent by age, Reference: Week and day of week, Report: Day of week",2021-12-31,2021-12-29,00+,DE-HB,8,FALSE,1,15.0855,14,5.04786392596983,4.4478,9,9,11,12,14,17,18,22,24,28,1.0066649779404,837.915375283667,1552.76884188158,2021-12-31
"Independent by age, Reference: Week and day of week, Report: Day of week",2021-12-31,2021-12-30,00+,DE-HB,14,FALSE,1,22.305,21,6.31679712852815,4.4478,15,16,18,18,21,25,26,30,34,38,1.00085841806105,1110.31829744321,1639.67853827253,2021-12-31
"Independent by age, Reference: Week and day of week, Report: Day of week",2021-12-31,2021-12-31,00+,DE-HB,12,FALSE,1,22.031,20,7.62339144006946,5.9304,13,14,16,17,20,25,26,31,36,41,1.00259790170126,1068.59991536851,1658.28498069959,2021-12-31
"Independent by age, Reference: Week and day of week, Report: Day of week",2021-12-31,2021-11-22,00+,DE-HE,36,FALSE,1,36,36,0,0,36,36,36,36,36,36,36,36,36,36,,,,2021-12-31
"Independent by age, Reference: Week and day of week, Report: Day of week",2021-12-31,2021-11-23,00+,DE-HE,80,FALSE,1,80.0375,80,0.195225014798825,0,80,80,80,80,80,80,80,80,80,81,0.99945024215986,1874.74768887766,1855.37166525464,2021-12-31
"Independent by age, Reference: Week and day of week, Report: Day of week",2021-12-31,2021-11-24,00+,DE-HE,89,FALSE,1,89.078,89,0.284528519201713,0,89,89,89,89,89,89,89,89,90,90,1.00221053432597,1760.06186949791,1665.40850491885,2021-12-31
"Independent by age, Reference: Week and day of week, Report: Day of week",2021-12-31,2021-11-25,00+,DE-HE,98,FALSE,1,98.209,98,0.468432187575938,0,98,98,98,98,98,98,98,99,99,99,1.00015124464852,1804.0100099019,1806.34512805218,2021-12-31
"Independent by age, Reference: Week and day of week, Report: Day of week",2021-12-31,2021-11-26,00+,DE-HE,78,FALSE,1,78.2785,78,0.548715130233415,0,78,78,78,78,78,78,79,79,79,80,1.00192736941013,1744.33066177264,1729.74545860591,2021-12-31
"Independent by age, Reference: Week and day of week, Report: Day of week",2021-12-31,2021-11-27,00+,DE-HE,76,FALSE,1,76.3585,76,0.623034377797854,0,76,76,76,76,76,77,77,77,78,78,1.00026938927208,1911.78968481854,1865.22141794476,2021-12-31
"Independent by age, Reference: Week and day of week, Report: Day of week",2021-12-31,2021-11-28,00+,DE-HE,46,FALSE,1,46.296,46,0.553658079173706,0,46,46,46,46,46,47,47,47,47,48,1.00004983226683,2027.59169186377,1717.43416896221,2021-12-31
"Independent by age, Reference: Week and day of week, Report: Day of week",2021-12-31,2021-11-29,00+,DE-HE,46,FALSE,1,46.389,46,0.644892970555375,0,46,46,46,46,46,47,47,47,48,48,1.00019362191286,1684.45150314557,1750.92787452962,2021-12-31
"Independent by age, Reference: Week and day of week, Report: Day of week",2021-12-31,2021-11-30,00+,DE-HE,69,FALSE,1,69.522,69,0.725795694183182,0,69,69,69,69,69,70,70,70,71,71,1.00015871778397,1755.35998992552,1742.48255693941,2021-12-31
"Independent by age, Reference: Week and day of week, Report: Day of week",2021-12-31,2021-12-01,00+,DE-HE,87,FALSE,1,87.796,88,0.922935482551449,1.4826,87,87,87,87,88,88,88,89,90,90,0.999604373255217,1975.7902631082,2051.48115941113,2021-12-31
"Independent by age, Reference: Week and day of week, Report: Day of week",2021-12-31,2021-12-02,00+,DE-HE,91,FALSE,1,92.276,92,1.2257957772989,1.4826,91,91,91,91,92,93,93,94,94,95,1.00056190994374,1734.41711118767,1934.61841754465,2021-12-31
"Independent by age, Reference: Week and day of week, Report: Day of week",2021-12-31,2021-12-03,00+,DE-HE,61,FALSE,1,62.183,62,1.17183514147656,1.4826,61,61,61,61,62,63,63,64,64,65,0.999979586969555,1864.80672781201,1741.88744430848,2021-12-31
"Independent by age, Reference: Week and day of week, Report: Day of week",2021-12-31,2021-12-04,00+,DE-HE,86,FALSE,1,87.644,87,1.37011043397992,1.4826,86,86,86,87,87,88,89,89,90,91,1.00157613974633,1927.312973733,1749.13937568528,2021-12-31
"Independent by age, Reference: Week and day of week, Report: Day of week",2021-12-31,2021-12-05,00+,DE-HE,73,FALSE,1,74.5135,74,1.29408464852141,1.4826,73,73,73,74,74,75,76,76,77,78,0.999244219945489,1634.78837305356,2030.28019236108,2021-12-31
"Independent by age, Reference: Week and day of week, Report: Day of week",2021-12-31,2021-12-06,00+,DE-HE,43,FALSE,1,44.329,44,1.19811382529757,1.4826,43,43,43,43,44,45,45,46,47,47,1.00338432408681,1737.35414914711,1751.3863479893,2021-12-31
"Independent by age, Reference: Week and day of week, Report: Day of week",2021-12-31,2021-12-07,00+,DE-HE,85,FALSE,1,86.9195,87,1.51696088781734,1.4826,85,85,86,86,87,88,88,89,90,90,1.0011471749531,2039.9170914994,1980.71648131466,2021-12-31
"Independent by age, Reference: Week and day of week, Report: Day of week",2021-12-31,2021-12-08,00+,DE-HE,98,FALSE,1,100.644,100,1.77618732703236,1.4826,98,98,99,99,100,102,102,103,104,105,0.999533754728149,1699.48137681541,1843.26042527501,2021-12-31
"Independent by age, Reference: Week and day of week, Report: Day of week",2021-12-31,2021-12-09,00+,DE-HE,86,FALSE,1,89.413,89,2.08868674198719,1.4826,86,87,88,88,89,91,91,92,93,94,1.00013031095194,1595.46238349854,1742.27436711482,2021-12-31
"Independent by age, Reference: Week and day of week, Report: Day of week",2021-12-31,2021-12-10,00+,DE-HE,88,FALSE,1,91.67,91,2.19328640460527,1.4826,88,89,90,90,91,93,93,95,96,97,1.00011996722528,1473.06707563836,1749.057282985,2021-12-31
"Independent by age, Reference: Week and day of week, Report: Day of week",2021-12-31,2021-12-11,00+,DE-HE,73,FALSE,1,76.766,76,2.22681911292337,1.4826,73,74,75,75,76,78,78,80,81,82,1.00061576348183,1950.24864991994,2017.02929807561,2021-12-31
"Independent by age, Reference: Week and day of week, Report: Day of week",2021-12-31,2021-12-12,00+,DE-HE,59,FALSE,1,62.104,62,1.96929506715748,1.4826,59,59,60,61,62,63,64,65,66,67,1.00036435523404,1854.16230160716,2038.07336592309,2021-12-31
"Independent by age, Reference: Week and day of week, Report: Day of week",2021-12-31,2021-12-13,00+,DE-HE,28,FALSE,1,30.3545,30,1.71851866536317,1.4826,28,28,29,29,30,31,32,33,34,34,1.00116845459296,1826.76072781661,1902.5828526387,2021-12-31
"Independent by age, Reference: Week and day of week, Report: Day of week",2021-12-31,2021-12-14,00+,DE-HE,67,FALSE,1,70.331,70,1.98429022671885,1.4826,67,67.95,69,69,70,72,72,73,74,75,1.00087512161165,2074.93218374835,1983.54397134312,2021-12-31
"Independent by age, Reference: Week and day of week, Report: Day of week",2021-12-31,2021-12-15,00+,DE-HE,75,FALSE,1,79.8695,80,2.41503332129631,2.9652,76,76,78,78,80,81,82,83,84,85,1.00286341292554,1976.06385980494,1918.73060528702,2021-12-31
"Independent by age, Reference: Week and day of week, Report: Day of week",2021-12-31,2021-12-16,00+,DE-HE,71,FALSE,1,77.294,77,2.95464531957429,2.9652,73,73,75,75,77,79,80,81,83,84,1.00286177508922,1697.32069282325,1860.32817089463,2021-12-31
"Independent by age, Reference: Week and day of week, Report: Day of week",2021-12-31,2021-12-17,00+,DE-HE,64,FALSE,1,69.411,69,2.8376231343373,2.9652,65,65,67,67,69,71,72,73,75,76,1.00026195250934,1595.4812773017,1766.05036159457,2021-12-31
"Independent by age, Reference: Week and day of week, Report: Day of week",2021-12-31,2021-12-18,00+,DE-HE,46,FALSE,1,51.029,51,2.72467813428811,2.9652,47,47,49,49,51,53,53,55,56,57,1.00093994035087,1473.50196829987,1714.84800575842,2021-12-31
"Independent by age, Reference: Week and day of week, Report: Day of week",2021-12-31,2021-12-19,00+,DE-HE,40,FALSE,1,44.5735,44,2.59479560507491,2.9652,41,41,42,43,44,46,47,48,49,51,0.999531154779138,1291.0920854674,1651.79204316724,2021-12-31
"Independent by age, Reference: Week and day of week, Report: Day of week",2021-12-31,2021-12-20,00+,DE-HE,21,FALSE,1,24.6635,24,2.2790051957688,2.9652,21,21,23,23,24,26,27,28,29,30,0.999582225074045,1742.2637711998,1626.58763349017,2021-12-31
"Independent by age, Reference: Week and day of week, Report: Day of week",2021-12-31,2021-12-21,00+,DE-HE,41,FALSE,1,45.383,45,2.52299301363944,2.9652,42,42,43,44,45,47,47,49,50,51,1.00129710991508,1485.76736803321,1772.46204260045,2021-12-31
"Independent by age, Reference: Week and day of week, Report: Day of week",2021-12-31,2021-12-22,00+,DE-HE,48,FALSE,1,54.4905,54,3.13908213787632,2.9652,49,50,52,52,54,56,57,59,60,62,0.999442205537917,2041.1513749033,1948.67412278323,2021-12-31
"Independent by age, Reference: Week and day of week, Report: Day of week",2021-12-31,2021-12-23,00+,DE-HE,56,FALSE,1,65.495,65,3.99323778079731,4.4478,59,60,62,63,65,68,69,71,72,74,1.00009231814495,1782.47858397427,1607.25359812961,2021-12-31
"Independent by age, Reference: Week and day of week, Report: Day of week",2021-12-31,2021-12-24,00+,DE-HE,29,FALSE,1,36.6745,36,3.8239849869724,2.9652,31,31,33,34,36,39,40,42,43,45,1.00017820844987,1328.36064306824,1863.89057851196,2021-12-31
"Independent by age, Reference: Week and day of week, Report: Day of week",2021-12-31,2021-12-25,00+,DE-HE,27,FALSE,1,35.75,35,4.12601648154767,4.4478,29,30,32,33,35,38,39,41,43,45,1.00045995019698,1125.81662795582,1616.41117382159,2021-12-31
"Independent by age, Reference: Week and day of week, Report: Day of week",2021-12-31,2021-12-26,00+,DE-HE,21,FALSE,1,27.801,27,3.6085883604226,2.9652,22,23,25,25,27,30,31,33,34,36,1.00061327823983,1189.71909405422,1809.96946754508,2021-12-31
"Independent by age, Reference: Week and day of week, Report: Day of week",2021-12-31,2021-12-27,00+,DE-HE,7,FALSE,1,12.5945,12,3.2051842931689,2.9652,8,8,10,10,12,15,15,17,18,20,1.00030525430213,1245.54291122395,1707.42719097885,2021-12-31
"Independent by age, Reference: Week and day of week, Report: Day of week",2021-12-31,2021-12-28,00+,DE-HE,32,FALSE,1,40.5535,40,4.08147852909846,4.4478,34,35,37,38,40,43,44,46,48,50,1.00018537878726,1506.87588709697,1570.42008868523,2021-12-31
"Independent by age, Reference: Week and day of week, Report: Day of week",2021-12-31,2021-12-29,00+,DE-HE,44,FALSE,1,62.238,61,7.31485540217832,7.413,50,51,56,57,61,67,68,72,75,78,1.00106124475857,1395.81350835305,1941.27979339833,2021-12-31
"Independent by age, Reference: Week and day of week, Report: Day of week",2021-12-31,2021-12-30,00+,DE-HE,44,FALSE,1,74.2165,73,10.0522709785358,10.3782,58,60,66,67,73,80,82,88,92.05,97,1.00050922395357,1449.30182347515,1728.3497301119,2021-12-31
"Independent by age, Reference: Week and day of week, Report: Day of week",2021-12-31,2021-12-31,00+,DE-HE,20,FALSE,1,62.7215,60,18.1426711376248,16.3086,36,39,48,50,60,72,75,87,97.05,107,1.00073413195092,2328.37916572266,1390.9754282436,2021-12-31
"Independent by age, Reference: Week and day of week, Report: Day of week",2021-12-31,2021-11-22,00+,DE-HH,25,FALSE,1,25,25,0,0,25,25,25,25,25,25,25,25,25,25,,,,2021-12-31
"Independent by age, Reference: Week and day of week, Report: Day of week",2021-12-31,2021-11-23,00+,DE-HH,12,FALSE,1,12.0465,12,0.231007428919739,0,12,12,12,12,12,12,12,12,12,13,1.00023342558589,1270.86599148292,1350.52076272309,2021-12-31
"Independent by age, Reference: Week and day of week, Report: Day of week",2021-12-31,2021-11-24,00+,DE-HH,17,FALSE,1,17.083,17,0.308477842461407,0,17,17,17,17,17,17,17,17,18,18,1.00097831153106,1651.9844863406,1190.38152676264,2021-12-31
"Independent by age, Reference: Week and day of week, Report: Day of week",2021-12-31,2021-11-25,00+,DE-HH,23,FALSE,1,23.103,23,0.355604031351666,0,23,23,23,23,23,23,23,23,24,24,0.999064397956565,1339.61788181192,1443.35598176993,2021-12-31
"Independent by age, Reference: Week and day of week, Report: Day of week",2021-12-31,2021-11-26,00+,DE-HH,7,FALSE,1,7.103,7,0.335331513001397,0,7,7,7,7,7,7,7,7,8,8,1.00026602481679,1435.51576914327,1532.83663957914,2021-12-31
"Independent by age, Reference: Week and day of week, Report: Day of week",2021-12-31,2021-11-27,00+,DE-HH,24,FALSE,1,24.121,24,0.382664626152005,0,24,24,24,24,24,24,24,25,25,25,1.00009818400336,1659.2313455247,1622.84997514726,2021-12-31
"Independent by age, Reference: Week and day of week, Report: Day of week",2021-12-31,2021-11-28,00+,DE-HH,8,FALSE,1,8.164,8,0.424492752645465,0,8,8,8,8,8,8,8,9,9,9,1.00111190121105,1793.21461595644,1424.56426596677,2021-12-31
"Independent by age, Reference: Week and day of week, Report: Day of week",2021-12-31,2021-11-29,00+,DE-HH,6,FALSE,1,6.1305,6,0.373549889251596,0,6,6,6,6,6,6,6,7,7,7,0.999128097296656,1411.08271356895,1284.8161959919,2021-12-31
"Independent by age, Reference: Week and day of week, Report: Day of week",2021-12-31,2021-11-30,00+,DE-HH,10,FALSE,1,10.163,10,0.430724693836957,0,10,10,10,10,10,10,10,11,11,11,0.999921520043846,1939.01341548318,1926.52786113769,2021-12-31
"Independent by age, Reference: Week and day of week, Report: Day of week",2021-12-31,2021-12-01,00+,DE-HH,10,FALSE,1,10.208,10,0.474181847197999,0,10,10,10,10,10,10,10,11,11,11,0.999759059549977,1778.88153648139,1760.46413548181,2021-12-31
"Independent by age, Reference: Week and day of week, Report: Day of week",2021-12-31,2021-12-02,00+,DE-HH,31,FALSE,1,31.213,31,0.490664218878699,0,31,31,31,31,31,31,31,32,32,33,1.00108495301601,1634.52228951006,1655.17179735325,2021-12-31
"Independent by age, Reference: Week and day of week, Report: Day of week",2021-12-31,2021-12-03,00+,DE-HH,36,FALSE,1,36.46,36,0.733259050007028,0,36,36,36,36,36,37,37,37,38,38,1.00127786163124,1385.38334375794,1442.4310260347,2021-12-31
"Independent by age, Reference: Week and day of week, Report: Day of week",2021-12-31,2021-12-04,00+,DE-HH,19,FALSE,1,19.505,19,0.787581832301435,0,19,19,19,19,19,20,20,21,21,22,0.999441827928571,1746.86442023542,1704.81116305125,2021-12-31
"Independent by age, Reference: Week and day of week, Report: Day of week",2021-12-31,2021-12-05,00+,DE-HH,8,FALSE,1,8.502,8,0.774787808418561,0,8,8,8,8,8,9,9,10,10,11,0.999816473757548,1795.2610743326,1824.19460720449,2021-12-31
"Independent by age, Reference: Week and day of week, Report: Day of week",2021-12-31,2021-12-06,00+,DE-HH,19,FALSE,1,19.4915,19,0.753798285967781,0,19,19,19,19,19,20,20,20,21,21,1.00070822241084,1932.74835441377,1950.66994034691,2021-12-31
"Independent by age, Reference: Week and day of week, Report: Day of week",2021-12-31,2021-12-07,00+,DE-HH,17,FALSE,1,17.5565,17,0.804444725048172,0,17,17,17,17,17,18,18,19,19,20,1.00042886115595,1843.86643899745,1861.82679363648,2021-12-31
"Independent by age, Reference: Week and day of week, Report: Day of week",2021-12-31,2021-12-08,00+,DE-HH,26,FALSE,1,26.676,26,0.894664301347748,0,26,26,26,26,26,27,27,28,28,29,1.00034540895485,1917.38890346845,1852.79250029154,2021-12-31
"Independent by age, Reference: Week and day of week, Report: Day of week",2021-12-31,2021-12-09,00+,DE-HH,25,FALSE,1,25.618,25,0.874904983049407,0,25,25,25,25,25,26,26,27,27,28,0.999744104712807,1957.3564798924,1969.87509059886,2021-12-31
"Independent by age, Reference: Week and day of week, Report: Day of week",2021-12-31,2021-12-10,00+,DE-HH,25,FALSE,1,25.6625,25,0.925214440484172,0,25,25,25,25,25,26,26,27,27,28,1.0007645629547,1915.92026956656,1941.38909653905,2021-12-31
"Independent by age, Reference: Week and day of week, Report: Day of week",2021-12-31,2021-12-11,00+,DE-HH,24,FALSE,1,24.774,25,0.972829480741255,1.4826,24,24,24,24,25,25,25,26,27,27,1.00016754399906,1724.92037074954,1806.31565038645,2021-12-31
"Independent by age, Reference: Week and day of week, Report: Day of week",2021-12-31,2021-12-12,00+,DE-HH,13,FALSE,1,13.8315,14,1.04577941139068,1.4826,13,13,13,13,14,14,15,15,16,16,1.00025434013225,1682.9048171146,1640.39860026454,2021-12-31
"Independent by age, Reference: Week and day of week, Report: Day of week",2021-12-31,2021-12-13,00+,DE-HH,13,FALSE,1,13.767,13,1.00060561951395,0,13,13,13,13,13,14,14,15,16,16,0.999226595164636,1652.13125785821,1913.94063199816,2021-12-31
"Independent by age, Reference: Week and day of week, Report: Day of week",2021-12-31,2021-12-14,00+,DE-HH,22,FALSE,1,22.8205,23,1.04729564311232,1.4826,22,22,22,22,23,23,23.2,24,25,25.0249999999999,1.00098413837405,1590.71146941374,1639.70000307561,2021-12-31
"Independent by age, Reference: Week and day of week, Report: Day of week",2021-12-31,2021-12-15,00+,DE-HH,17,FALSE,1,17.9575,18,1.12308700117404,1.4826,17,17,17,17,18,19,19,19,20,21,0.999911559686881,1612.91714560798,1659.03875536609,2021-12-31
"Independent by age, Reference: Week and day of week, Report: Day of week",2021-12-31,2021-12-16,00+,DE-HH,19,FALSE,1,19.9265,20,1.09347866819564,1.4826,19,19,19,19,20,20,21,21,22,23,1.00072615717301,1599.89173753812,1633.84669567331,2021-12-31
"Independent by age, Reference: Week and day of week, Report: Day of week",2021-12-31,2021-12-17,00+,DE-HH,16,FALSE,1,17.883,18,1.66303753623406,1.4826,16,16,16,17,18,19,19,20,21,22,1.00047261828768,1847.37309362625,1884.85368216399,2021-12-31
"Independent by age, Reference: Week and day of week, Report: Day of week",2021-12-31,2021-12-18,00+,DE-HH,19,FALSE,1,21.267,21,1.88453886756726,1.4826,19,19,20,20,21,22,23,24,25,26,1.00020203428063,1985.36186908012,1934.3497615169,2021-12-31
"Independent by age, Reference: Week and day of week, Report: Day of week",2021-12-31,2021-12-19,00+,DE-HH,8,FALSE,1,10.569,10,2.03477496411207,1.4826,8,8,9,9,10,12,12,13,14,15,1.00194041925019,1616.00680842127,1708.33438958882,2021-12-31
"Independent by age, Reference: Week and day of week, Report: Day of week",2021-12-31,2021-12-20,00+,DE-HH,6,FALSE,1,8.4675,8,1.92192368353238,1.4826,6,6,7,7,8,10,10,11,12,13,1.0009626746354,1854.67102785962,1949.73790221731,2021-12-31
"Independent by age, Reference: Week and day of week, Report: Day of week",2021-12-31,2021-12-21,00+,DE-HH,26,FALSE,1,29.119,29,2.23949696881614,1.4826,26,26,27,28,29,30,31,32,33,34,1.00151818059506,1831.99381206882,2010.64080823682,2021-12-31
"Independent by age, Reference: Week and day of week, Report: Day of week",2021-12-31,2021-12-22,00+,DE-HH,20,FALSE,1,23.629,23,2.42493281341459,1.4826,20,20,22,22,23,25,25,27,28,29,1.00007510624779,1966.17469914232,1777.76860030221,2021-12-31
"Independent by age, Reference: Week and day of week, Report: Day of week",2021-12-31,2021-12-23,00+,DE-HH,9,FALSE,1,12.458,12,2.4574897004492,2.9652,9,9,10,11,12,14,14,16,17,18,1.0002288591867,1650.59887018625,1779.82221245771,2021-12-31
"Independent by age, Reference: Week and day of week, Report: Day of week",2021-12-31,2021-12-24,00+,DE-HH,10,FALSE,1,14.098,13,3.31902153532875,2.9652,10,10,11,12,13,16,17,18,20,22,1.00220565117811,1075.21485606708,1073.06221843443,2021-12-31
"Independent by age, Reference: Week and day of week, Report: Day of week",2021-12-31,2021-12-25,00+,DE-HH,9,FALSE,1,14.115,13,3.67035567150892,2.9652,9,9,11,11,13,16,17,19,21,23,0.999892283662594,1037.82831680785,1172.46447797903,2021-12-31
"Independent by age, Reference: Week and day of week, Report: Day of week",2021-12-31,2021-12-26,00+,DE-HH,7,FALSE,1,13.5515,13,4.32477740465332,4.4478,7,8,10,10,13,16,17,19,22,24,1.00101017214494,1079.21313746683,981.255618950374,2021-12-31
"Independent by age, Reference: Week and day of week, Report: Day of week",2021-12-31,2021-12-27,00+,DE-HH,8,FALSE,1,14.887,14,4.78107313583102,4.4478,8,9,11,11,14,18,18,21,24,27,1.00036451527832,1167.1209510861,1292.24802666066,2021-12-31
"Independent by age, Reference: Week and day of week, Report: Day of week",2021-12-31,2021-12-28,00+,DE-HH,18,FALSE,1,26.983,26,5.69341009055466,4.4478,19,20,22,23,26,30,31,34,37,41,1.00257186091266,1189.96776392068,1009.24378637489,2021-12-31
"Independent by age, Reference: Week and day of week, Report: Day of week",2021-12-31,2021-12-29,00+,DE-HH,12,FALSE,1,24.4755,23,7.74366721527795,5.9304,14,15,18,19,23,28,29,34,38,42,1.00055773448073,1108.77930558239,1007.56902767188,2021-12-31
"Independent by age, Reference: Week and day of week, Report: Day of week",2021-12-31,2021-12-30,00+,DE-HH,11,FALSE,1,26.489,25,9.18008801744319,7.413,15,16,19,20,25,30.25,32,38,43,49,1.0019202058024,1465.73253051599,1524.31268611122,2021-12-31
"Independent by age, Reference: Week and day of week, Report: Day of week",2021-12-31,2021-12-31,00+,DE-HH,0,FALSE,1,20.598,18,11.2797168406837,8.8956,6,7,12,14,18,25,27,33,40,48,1.00041192786884,1622.37981900465,1586.84301156497,2021-12-31
"Independent by age, Reference: Week and day of week, Report: Day of week",2021-12-31,2021-11-22,00+,DE-MV,18,FALSE,1,18,18,0,0,18,18,18,18,18,18,18,18,18,18,,,,2021-12-31
"Independent by age, Reference: Week and day of week, Report: Day of week",2021-12-31,2021-11-23,00+,DE-MV,43,FALSE,1,43.0165,43,0.127420045259633,0,43,43,43,43,43,43,43,43,43,43,0.999605218235196,2076.86817114115,2076.86817114115,2021-12-31
"Independent by age, Reference: Week and day of week, Report: Day of week",2021-12-31,2021-11-24,00+,DE-MV,76,FALSE,1,76.069,76,0.272536489426709,0,76,76,76,76,76,76,76,76,77,77,0.999041824760431,1908.72761819196,1979.60008114723,2021-12-31
"Independent by age, Reference: Week and day of week, Report: Day of week",2021-12-31,2021-11-25,00+,DE-MV,44,FALSE,1,44.08,44,0.287474034758498,0,44,44,44,44,44,44,44,44,45,45,0.999283325614212,1802.62354358047,1795.92210217621,2021-12-31
"Independent by age, Reference: Week and day of week, Report: Day of week",2021-12-31,2021-11-26,00+,DE-MV,41,FALSE,1,41.2315,41,0.491964190142119,0,41,41,41,41,41,41,42,42,42,43,1.00022503255122,2161.70879360177,2130.17286149967,2021-12-31
"Independent by age, Reference: Week and day of week, Report: Day of week",2021-12-31,2021-11-27,00+,DE-MV,47,FALSE,1,47.2485,47,0.524294948093436,0,47,47,47,47,47,47,48,48,48,49,0.999372423287551,1933.17253266625,1784.85039402124,2021-12-31
"Independent by age, Reference: Week and day of week, Report: Day of week",2021-12-31,2021-11-28,00+,DE-MV,29,FALSE,1,29.232,29,0.504284792132172,0,29,29,29,29,29,29,29,30,30,31,0.99950789567778,1835.77650090549,1886.42040230925,2021-12-31
"Independent by age, Reference: Week and day of week, Report: Day of week",2021-12-31,2021-11-29,00+,DE-MV,26,FALSE,1,26.2225,26,0.499117530401986,0,26,26,26,26,26,26,26,27,27,28,1.00101058403359,1812.78159033589,1817.79617896904,2021-12-31
"Independent by age, Reference: Week and day of week, Report: Day of week",2021-12-31,2021-11-30,00+,DE-MV,31,FALSE,1,31.2735,31,0.54666916282775,0,31,31,31,31,31,31,32,32,32,33,1.00002691294509,2030.70291263329,1932.15788230271,2021-12-31
"Independent by age, Reference: Week and day of week, Report: Day of week",2021-12-31,2021-12-01,00+,DE-MV,37,FALSE,1,37.4835,37,0.715530391996689,0,37,37,37,37,37,38,38,38,39,39,1.00034344478448,1943.07693914725,1804.08315547301,2021-12-31
"Independent by age, Reference: Week and day of week, Report: Day of week",2021-12-31,2021-12-02,00+,DE-MV,53,FALSE,1,53.791,54,0.941149234149649,1.4826,53,53,53,53,54,54,54,55,56,56,1.00039805528689,2153.10517242952,2058.03904724465,2021-12-31
"Independent by age, Reference: Week and day of week, Report: Day of week",2021-12-31,2021-12-03,00+,DE-MV,47,FALSE,1,48.401,48,1.29461848376626,1.4826,47,47,47,47,48,49,49,50,51,51,1.00037100783744,1855.1492733878,1835.91953662568,2021-12-31
"Independent by age, Reference: Week and day of week, Report: Day of week",2021-12-31,2021-12-04,00+,DE-MV,36,FALSE,1,37.108,37,1.13885226971988,1.4826,36,36,36,36,37,38,38,39,39,40,0.999125038563442,1990.80403908881,1962.76747325578,2021-12-31
"Independent by age, Reference: Week and day of week, Report: Day of week",2021-12-31,2021-12-05,00+,DE-MV,35,FALSE,1,35.941,36,1.04931860498487,1.4826,35,35,35,35,36,36,37,37,38,39,1.0011516372486,1879.0066717985,1877.39019048867,2021-12-31
"Independent by age, Reference: Week and day of week, Report: Day of week",2021-12-31,2021-12-06,00+,DE-MV,22,FALSE,1,22.739,22,0.944099921793856,0,22,22,22,22,22,23,23,24,25,25,1.00040848399673,1720.12059735605,1788.33220169279,2021-12-31
"Independent by age, Reference: Week and day of week, Report: Day of week",2021-12-31,2021-12-07,00+,DE-MV,27,FALSE,1,27.8355,28,0.971036150512843,1.4826,27,27,27,27,28,28,29,29,30,30,0.999883867810077,1858.54801441841,1931.31346478517,2021-12-31
"Independent by age, Reference: Week and day of week, Report: Day of week",2021-12-31,2021-12-08,00+,DE-MV,51,FALSE,1,52.914,53,1.55074382255794,1.4826,51,51,52,52,53,54,54,55,56,56,0.999928716737662,1984.95814404578,1937.27901552465,2021-12-31
"Independent by age, Reference: Week and day of week, Report: Day of week",2021-12-31,2021-12-09,00+,DE-MV,46,FALSE,1,48.2765,48,1.64298431177062,1.4826,46,46,47,47,48,49,50,50,51,52,1.00041651505327,2018.25203627209,1958.62684078726,2021-12-31
"Independent by age, Reference: Week and day of week, Report: Day of week",2021-12-31,2021-12-10,00+,DE-MV,41,FALSE,1,43.802,44,1.83234132665524,1.4826,41,41,42,42,44,45,45,46,47,48,1.00024824645078,1926.16420744242,1700.00182303297,2021-12-31
"Independent by age, Reference: Week and day of week, Report: Day of week",2021-12-31,2021-12-11,00+,DE-MV,48,FALSE,1,50.767,51,1.90906607183547,1.4826,48,48,49,49,51,52,52,53,54,55,0.999930651506119,2356.74724945374,1908.69741626859,2021-12-31
"Independent by age, Reference: Week and day of week, Report: Day of week",2021-12-31,2021-12-12,00+,DE-MV,31,FALSE,1,33.21,33,1.67131584337736,1.4826,31,31,32,32,33,34,34,35,36,37,0.999878354344411,2138.09308654101,1899.28783535352,2021-12-31
"Independent by age, Reference: Week and day of week, Report: Day of week",2021-12-31,2021-12-13,00+,DE-MV,23,FALSE,1,24.614,24,1.44119482418604,1.4826,23,23,23,24,24,25,26,27,27,28,1.00020030574812,1556.95899559029,1764.06150318233,2021-12-31
"Independent by age, Reference: Week and day of week, Report: Day of week",2021-12-31,2021-12-14,00+,DE-MV,19,FALSE,1,20.6235,20,1.41129147301715,1.4826,19,19,19,20,20,21,22,23,23,24,1.00019412590866,1928.59734939021,1876.65765294805,2021-12-31
"Independent by age, Reference: Week and day of week, Report: Day of week",2021-12-31,2021-12-15,00+,DE-MV,49,FALSE,1,52.916,53,2.35727010781128,2.9652,49,50,51,51,53,54,55,56,57,58,1.00089722532668,1835.48716148456,1807.83339027776,2021-12-31
"Independent by age, Reference: Week and day of week, Report: Day of week",2021-12-31,2021-12-16,00+,DE-MV,41,FALSE,1,45.955,46,2.67124367502961,2.9652,42,42,44,44,46,48,48,49,51,52,1.00043302131468,2052.72191824805,1980.98886249272,2021-12-31
"Independent by age, Reference: Week and day of week, Report: Day of week",2021-12-31,2021-12-17,00+,DE-MV,54,FALSE,1,60.3825,60,3.0933765110506,2.9652,55,56,58,58,60,62,63,64,66,67,1.00018057066811,1891.09781634958,2035.36880524867,2021-12-31
"Independent by age, Reference: Week and day of week, Report: Day of week",2021-12-31,2021-12-18,00+,DE-MV,31,FALSE,1,35.9505,36,2.62364088543914,2.9652,32,32,34,34,36,38,38,39,41,42,1.00045064018582,1938.01895647353,2039.38146565419,2021-12-31
"Independent by age, Reference: Week and day of week, Report: Day of week",2021-12-31,2021-12-19,00+,DE-MV,23,FALSE,1,26.837,27,2.26318183007862,2.9652,23,24,25,25,27,28,29,30,31,32,0.999216280085265,1933.83301374842,2021.84730207229,2021-12-31
"Independent by age, Reference: Week and day of week, Report: Day of week",2021-12-31,2021-12-20,00+,DE-MV,13,FALSE,1,15.5455,15,1.83428788799033,1.4826,13,13,14,14,15,17,17,18,19,20,1.00017573236999,1832.5962421372,1908.35040515783,2021-12-31
"Independent by age, Reference: Week and day of week, Report: Day of week",2021-12-31,2021-12-21,00+,DE-MV,24,FALSE,1,27.309,27,2.04489848278648,1.4826,24,24,26,26,27,29,29,30,31,32,1.0005287335448,1764.9272300267,1762.82163491158,2021-12-31
"Independent by age, Reference: Week and day of week, Report: Day of week",2021-12-31,2021-12-22,00+,DE-MV,50,FALSE,1,56.5675,56,3.30800773995524,2.9652,51,52,54,54,56,59,59,61,62,64,0.999653533274945,2008.69117939886,1875.13053724543,2021-12-31
"Independent by age, Reference: Week and day of week, Report: Day of week",2021-12-31,2021-12-23,00+,DE-MV,31,FALSE,1,38.6315,38,3.55823527456161,2.9652,33,33.95,36,36,38,41,41,43,45,47,1.00013235461258,2042.37090228928,1886.44107105699,2021-12-31
"Independent by age, Reference: Week and day of week, Report: Day of week",2021-12-31,2021-12-24,00+,DE-MV,16,FALSE,1,23.4935,23,3.68330573270266,2.9652,18,18,20,21,23,26,26,28,30,32,1.00001295526642,2225.28315768249,1910.2667875889,2021-12-31
"Independent by age, Reference: Week and day of week, Report: Day of week",2021-12-31,2021-12-25,00+,DE-MV,13,FALSE,1,20.3375,20,3.64187113482635,2.9652,15,15,17,18,20,22,23,25,27,29,0.999586311691869,2047.22619660673,1863.17993893672,2021-12-31
"Independent by age, Reference: Week and day of week, Report: Day of week",2021-12-31,2021-12-26,00+,DE-MV,17,FALSE,1,22.627,22,2.95147871639059,2.9652,18,19,20,20,22,24,25,26,28,30,1.00102559594816,1983.99314174959,1902.35596723722,2021-12-31
"Independent by age, Reference: Week and day of week, Report: Day of week",2021-12-31,2021-12-27,00+,DE-MV,6,FALSE,1,9.786,9,2.34242341896952,2.9652,6,7,8,8,9,11,12,13,14,15,1.00306190113006,2031.0506543485,1689.94127039264,2021-12-31
"Independent by age, Reference: Week and day of week, Report: Day of week",2021-12-31,2021-12-28,00+,DE-MV,12,FALSE,1,16.65,16,2.77621210948271,2.9652,12,13,14,15,16,18,19,20,22,23,1.00024458282182,1834.54156019583,1790.36886073684,2021-12-31
"Independent by age, Reference: Week and day of week, Report: Day of week",2021-12-31,2021-12-29,00+,DE-MV,12,FALSE,1,21.0525,21,4.54863592678038,4.4478,14,15,17,18,21,24,24,27,30,32,0.999159844404801,2346.12746944024,1879.83047555874,2021-12-31
"Independent by age, Reference: Week and day of week, Report: Day of week",2021-12-31,2021-12-30,00+,DE-MV,14,FALSE,1,27.3965,26,6.70430918371277,5.9304,18,19,22,23,26,31,32,36,39,44,1.00002879799791,2858.91789512037,2031.97435185593,2021-12-31
"Independent by age, Reference: Week and day of week, Report: Day of week",2021-12-31,2021-12-31,00+,DE-MV,13,FALSE,1,32.767,31,10.9900910847465,8.8956,18,19,24,25,31,38,40,47,53,59,1.00027017555908,2397.49080629165,1863.38028466103,2021-12-31
"Independent by age, Reference: Week and day of week, Report: Day of week",2021-12-31,2021-11-22,00+,DE-NI,27,FALSE,1,27,27,0,0,27,27,27,27,27,27,27,27,27,27,,,,2021-12-31
"Independent by age, Reference: Week and day of week, Report: Day of week",2021-12-31,2021-11-23,00+,DE-NI,53,FALSE,1,53.0055,53,0.0739762545897098,0,53,53,53,53,53,53,53,53,53,53,1.00153244054352,1746.96439417327,1746.96439417328,2021-12-31
"Independent by age, Reference: Week and day of week, Report: Day of week",2021-12-31,2021-11-24,00+,DE-NI,76,FALSE,1,76.0235,76,0.154789307980017,0,76,76,76,76,76,76,76,76,76,76,0.999539300446094,1957.41678612176,1949.95066649855,2021-12-31
"Independent by age, Reference: Week and day of week, Report: Day of week",2021-12-31,2021-11-25,00+,DE-NI,70,FALSE,1,70.0445,70,0.211049806942592,0,70,70,70,70,70,70,70,70,70,71,0.99964499400101,1979.28878404291,1991.86985108372,2021-12-31
"Independent by age, Reference: Week and day of week, Report: Day of week",2021-12-31,2021-11-26,00+,DE-NI,76,FALSE,1,76.1065,76,0.327431451876326,0,76,76,76,76,76,76,76,77,77,77,0.999612506203017,1845.2271616355,1850.74996956513,2021-12-31
"Independent by age, Reference: Week and day of week, Report: Day of week",2021-12-31,2021-11-27,00+,DE-NI,59,FALSE,1,59.138,59,0.372861251347439,0,59,59,59,59,59,59,59,60,60,60,0.999411068914132,1997.29033984318,2006.4770222826,2021-12-31
"Independent by age, Reference: Week and day of week, Report: Day of week",2021-12-31,2021-11-28,00+,DE-NI,38,FALSE,1,38.11,38,0.343451567895307,0,38,38,38,38,38,38,38,39,39,39,0.999169209497584,1824.02917310291,1789.84429587377,2021-12-31
"Independent by age, Reference: Week and day of week, Report: Day of week",2021-12-31,2021-11-29,00+,DE-NI,14,FALSE,1,14.0545,14,0.231422834361979,0,14,14,14,14,14,14,14,14,15,15,1.00104632002811,1782.23796161542,1729.7720676035,2021-12-31
"Independent by age, Reference: Week and day of week, Report: Day of week",2021-12-31,2021-11-30,00+,DE-NI,51,FALSE,1,51.1895,51,0.447984480811025,0,51,51,51,51,51,51,51,52,52,52,1.00027014923508,1716.36284279932,1659.88667509416,2021-12-31
"Independent by age, Reference: Week and day of week, Report: Day of week",2021-12-31,2021-12-01,00+,DE-NI,60,FALSE,1,60.3705,60,0.632795357902135,0,60,60,60,60,60,61,61,61,62,62,0.999680092957823,2001.95318442628,1978.13295202472,2021-12-31
"Independent by age, Reference: Week and day of week, Report: Day of week",2021-12-31,2021-12-02,00+,DE-NI,80,FALSE,1,80.505,80,0.751170505653864,0,80,80,80,80,80,81,81,82,82,82,1.00023417874913,1846.49209705532,1933.1198691191,2021-12-31
"Independent by age, Reference: Week and day of week, Report: Day of week",2021-12-31,2021-12-03,00+,DE-NI,72,FALSE,1,72.848,73,0.972300717032632,1.4826,72,72,72,72,73,73,74,74,75,75,1.00007166525877,1916.66208254975,1851.27564232213,2021-12-31
"Independent by age, Reference: Week and day of week, Report: Day of week",2021-12-31,2021-12-04,00+,DE-NI,54,FALSE,1,54.9085,55,1.01471304874119,1.4826,54,54,54,54,55,55,56,56,57,57,0.99940674567687,2138.04473369828,2107.66111541674,2021-12-31
"Independent by age, Reference: Week and day of week, Report: Day of week",2021-12-31,2021-12-05,00+,DE-NI,46,FALSE,1,46.706,46,0.879744835442496,0,46,46,46,46,46,47,47,48,48,49,0.99945670898774,1966.34580428824,1841.22245377883,2021-12-31
"Independent by age, Reference: Week and day of week, Report: Day of week",2021-12-31,2021-12-06,00+,DE-NI,33,FALSE,1,33.4015,33,0.656896876802879,0,33,33,33,33,33,34,34,34,35,35,0.999334352356025,1681.07301876576,1777.84149795787,2021-12-31
"Independent by age, Reference: Week and day of week, Report: Day of week",2021-12-31,2021-12-07,00+,DE-NI,59,FALSE,1,59.874,60,0.972932319665312,1.4826,59,59,59,59,60,60,61,61,62,62,1.00051639219176,1903.83446351986,1738.75907315384,2021-12-31
"Independent by age, Reference: Week and day of week, Report: Day of week",2021-12-31,2021-12-08,00+,DE-NI,75,FALSE,1,76.847,77,1.50556446629863,1.4826,75,75,76,76,77,78,78,79,80,80,0.999766173028107,2060.74333378955,1965.45882313544,2021-12-31
"Independent by age, Reference: Week and day of week, Report: Day of week",2021-12-31,2021-12-09,00+,DE-NI,70,FALSE,1,71.9035,72,1.5150364410498,1.4826,70,70,71,71,72,73,73,74,75,75,1.00012786418874,1908.5558831292,1910.76274445495,2021-12-31
"Independent by age, Reference: Week and day of week, Report: Day of week",2021-12-31,2021-12-10,00+,DE-NI,64,FALSE,1,66.4485,66,1.76349162213793,1.4826,64,64,65,65,66,68,68,69,70,70.0249999999999,1.00195557051677,2109.49488887726,1779.3667803683,2021-12-31
"Independent by age, Reference: Week and day of week, Report: Day of week",2021-12-31,2021-12-11,00+,DE-NI,77,FALSE,1,79.927,80,1.97373220306218,1.4826,77,77,78,79,80,81,81,82,84,85,1.00187582924704,1855.35353862496,1583.19418543723,2021-12-31
"Independent by age, Reference: Week and day of week, Report: Day of week",2021-12-31,2021-12-12,00+,DE-NI,53,FALSE,1,54.881,55,1.5346063039927,1.4826,53,53,54,54,55,56,56,57,58,59,1.00007358429007,2085.07052645125,1751.1086463536,2021-12-31
"Independent by age, Reference: Week and day of week, Report: Day of week",2021-12-31,2021-12-13,00+,DE-NI,14,FALSE,1,14.685,14,0.913341171768811,0,14,14,14,14,14,15,15,16,16,17,1.00063444613931,2013.72480521207,1927.1020286376,2021-12-31
"Independent by age, Reference: Week and day of week, Report: Day of week",2021-12-31,2021-12-14,00+,DE-NI,48,FALSE,1,49.768,50,1.46705559746829,1.4826,48,48,48,49,50,51,51,52,53,53,1.00014312005581,1886.17773151609,1840.62462630997,2021-12-31
"Independent by age, Reference: Week and day of week, Report: Day of week",2021-12-31,2021-12-15,00+,DE-NI,83,FALSE,1,88.6455,88,2.97207778720319,2.9652,84,85,86,87,88,90,91,92,94,95,1.00008081813834,1999.38444589299,1988.5209332971,2021-12-31
"Independent by age, Reference: Week and day of week, Report: Day of week",2021-12-31,2021-12-16,00+,DE-NI,93,FALSE,1,99.684,99,3.46051030424458,2.9652,94,95,97,97,99,102,102,104,106,107,0.999423090788675,1687.29056402292,1878.55455706027,2021-12-31
"Independent by age, Reference: Week and day of week, Report: Day of week",2021-12-31,2021-12-17,00+,DE-NI,48,FALSE,1,52.6325,52,2.65442399276504,2.9652,48.975,49,50,51,52,54,55,56,58,59,1.00105886634381,1913.8481572449,1838.37605006173,2021-12-31
"Independent by age, Reference: Week and day of week, Report: Day of week",2021-12-31,2021-12-18,00+,DE-NI,47,FALSE,1,51.6895,51,2.67687739470696,2.9652,48,48,49,50,51,53,54,55,57,58,1.00074084298555,1921.22373137313,2026.59403894306,2021-12-31
"Independent by age, Reference: Week and day of week, Report: Day of week",2021-12-31,2021-12-19,00+,DE-NI,33,FALSE,1,37.3605,37,2.51529384000176,2.9652,33,34,35,36,37,39,39,41,42,43,1.00030449699097,2067.7709467623,1930.8214362264,2021-12-31
"Independent by age, Reference: Week and day of week, Report: Day of week",2021-12-31,2021-12-20,00+,DE-NI,11,FALSE,1,13.053,13,1.67946458749517,1.4826,11,11,12,12,13,14,14,15,16,17,1.00098407847991,1859.30683301033,1996.88887978342,2021-12-31
"Independent by age, Reference: Week and day of week, Report: Day of week",2021-12-31,2021-12-21,00+,DE-NI,39,FALSE,1,43.093,43,2.56508105532948,2.9652,39,40,41,41,43,45,45,46,48,49,0.999940511473361,2111.73324262714,1984.10157689778,2021-12-31
"Independent by age, Reference: Week and day of week, Report: Day of week",2021-12-31,2021-12-22,00+,DE-NI,56,FALSE,1,64.695,64,4.12534656024449,4.4478,58,59,61,62,64,67,68,70,72,75,1.00027500406914,2291.63600156398,1734.93840977358,2021-12-31
"Independent by age, Reference: Week and day of week, Report: Day of week",2021-12-31,2021-12-23,00+,DE-NI,35,FALSE,1,42.337,42,3.64102451650149,2.9652,37,37,39,40,42,44,45,47,49,51,0.999937868589005,1888.59519187673,1791.0505334994,2021-12-31
"Independent by age, Reference: Week and day of week, Report: Day of week",2021-12-31,2021-12-24,00+,DE-NI,38,FALSE,1,47.766,47,4.65328599328127,4.4478,40,41,44,44,47,51,51,54,56,58,1.00000567674761,1895.79454248891,1811.69226199707,2021-12-31
"Independent by age, Reference: Week and day of week, Report: Day of week",2021-12-31,2021-12-25,00+,DE-NI,17,FALSE,1,25.6765,25,4.41232161577332,4.4478,19,20,22,23,25,28,29,31,34,36,1.00152870117974,2291.62299055042,2010.74527338228,2021-12-31
"Independent by age, Reference: Week and day of week, Report: Day of week",2021-12-31,2021-12-26,00+,DE-NI,14,FALSE,1,19.6135,19,3.15675471016518,2.9652,15,15,17,17,19,22,22,24,26,27,1.00040992990018,2092.9276984405,1784.68198723616,2021-12-31
"Independent by age, Reference: Week and day of week, Report: Day of week",2021-12-31,2021-12-27,00+,DE-NI,7,FALSE,1,10.5755,10,2.51086677782554,2.9652,7,7,8,9,10,12,13,14,15,17,1.00001896501973,1634.14685945053,1936.27134849507,2021-12-31
"Independent by age, Reference: Week and day of week, Report: Day of week",2021-12-31,2021-12-28,00+,DE-NI,32,FALSE,1,39.6095,39,4.23095263860458,4.4478,33,34,36,37,39,42,43,45,47,50,0.999902512842398,2100.21246941562,2051.91316558736,2021-12-31
"Independent by age, Reference: Week and day of week, Report: Day of week",2021-12-31,2021-12-29,00+,DE-NI,37,FALSE,1,54.6445,53,8.77072303412157,7.413,42,43,48,48,53,59,61,66,71,75,1.00040467606782,2150.23495842357,2037.57252089259,2021-12-31
"Independent by age, Reference: Week and day of week, Report: Day of week",2021-12-31,2021-12-30,00+,DE-NI,24,FALSE,1,46.6435,45,10.9876190157749,10.3782,31,32,38,39,45,52,55,61,67,73,1.00063657173392,2352.52022456474,1866.03902617673,2021-12-31
"Independent by age, Reference: Week and day of week, Report: Day of week",2021-12-31,2021-12-31,00+,DE-NI,15,FALSE,1,49.359,45,20.1993595458626,16.3086,24,25,34,36,45,58,62,74,88,102.025,1.00109614714164,2523.16143301368,1927.51100450395,2021-12-31
"Independent by age, Reference: Week and day of week, Report: Day of week",2021-12-31,2021-11-22,00+,DE-NW,139,FALSE,1,139,139,0,0,139,139,139,139,139,139,139,139,139,139,,,,2021-12-31
"Independent by age, Reference: Week and day of week, Report: Day of week",2021-12-31,2021-11-23,00+,DE-NW,267,FALSE,1,267.134,267,0.364843192724818,0,267,267,267,267,267,267,267,268,268,268,1.00060870467905,1939.20077546858,1926.57345177912,2021-12-31
"Independent by age, Reference: Week and day of week, Report: Day of week",2021-12-31,2021-11-24,00+,DE-NW,247,FALSE,1,247.368,247,0.629900299407451,0,247,247,247,247,247,248,248,248,249,249,0.999561220306147,2108.00228997527,1906.31272725789,2021-12-31
"Independent by age, Reference: Week and day of week, Report: Day of week",2021-12-31,2021-11-25,00+,DE-NW,286,FALSE,1,286.811,287,0.954848086050193,1.4826,286,286,286,286,287,287,287,288,289,289,1.00178819394958,1782.79146635197,1678.51926689634,2021-12-31
"Independent by age, Reference: Week and day of week, Report: Day of week",2021-12-31,2021-11-26,00+,DE-NW,270,FALSE,1,271.223,271,1.11305455626515,1.4826,270,270,270,270,271,272,272,273,273,274,0.9995504293138,1956.91774006872,1883.74584133212,2021-12-31
"Independent by age, Reference: Week and day of week, Report: Day of week",2021-12-31,2021-11-27,00+,DE-NW,288,FALSE,1,289.985,290,1.5277244420986,1.4826,288,288,289,289,290,291,291,292,293,294,1.00066383983875,2088.45027403435,1978.49839557236,2021-12-31
"Independent by age, Reference: Week and day of week, Report: Day of week",2021-12-31,2021-11-28,00+,DE-NW,173,FALSE,1,174.7375,175,1.35997003983714,1.4826,173,173,174,174,175,176,176,177,177,178,1.00011337182411,1945.11320174273,2095.27759874802,2021-12-31
"Independent by age, Reference: Week and day of week, Report: Day of week",2021-12-31,2021-11-29,00+,DE-NW,113,FALSE,1,114.4835,114,1.28161968793876,1.4826,113,113,113,114,114,115,115,116,117,118,1.0013609180929,1786.36892909348,1857.18335377066,2021-12-31
"Independent by age, Reference: Week and day of week, Report: Day of week",2021-12-31,2021-11-30,00+,DE-NW,217,FALSE,1,219.517,219,1.68170302447586,1.4826,217,217,218,218,219,221,221,222,223,223,1.00012623698944,2105.38764158694,1865.3434289878,2021-12-31
"Independent by age, Reference: Week and day of week, Report: Day of week",2021-12-31,2021-12-01,00+,DE-NW,280,FALSE,1,284.2675,284,2.23594353053378,2.9652,281,281,282,283,284,286,286,287,288,289,1.00121319541906,1696.2458449683,1829.70422160589,2021-12-31
"Independent by age, Reference: Week and day of week, Report: Day of week",2021-12-31,2021-12-02,00+,DE-NW,290,FALSE,1,295.5365,295,2.59808444269729,2.9652,291,292,293,294,295,297,298,299,300,301,0.999505751588838,1949.57769930307,1954.85431120497,2021-12-31
"Independent by age, Reference: Week and day of week, Report: Day of week",2021-12-31,2021-12-03,00+,DE-NW,284,FALSE,1,289.8225,290,2.6984504011161,2.9652,285,286,287,288,290,292,292,293,295,296,0.999269973563732,2042.4506206456,1904.90304079949,2021-12-31
"Independent by age, Reference: Week and day of week, Report: Day of week",2021-12-31,2021-12-04,00+,DE-NW,246,FALSE,1,252.7275,253,2.85610266118107,2.9652,248,248,250,251,253,255,255,256,258,259,1.0021409807133,1986.64841876322,1849.63451873275,2021-12-31
"Independent by age, Reference: Week and day of week, Report: Day of week",2021-12-31,2021-12-05,00+,DE-NW,201,FALSE,1,208.105,208,3.04312426671198,2.9652,203,204,206,206,208,210,211,212,214,215,0.999521368537763,1999.53851504893,1989.50182793486,2021-12-31
"Independent by age, Reference: Week and day of week, Report: Day of week",2021-12-31,2021-12-06,00+,DE-NW,117,FALSE,1,121.991,122,2.4490647110641,2.9652,118,118,120,120,122,123,124,125,126,127,0.999662372575788,1571.59848486814,1869.48387624822,2021-12-31
"Independent by age, Reference: Week and day of week, Report: Day of week",2021-12-31,2021-12-07,00+,DE-NW,321,FALSE,1,330.397,330,3.44024834195544,2.9652,324,325,328,328,330,332,333,335,336,338,0.999396613964548,1921.2481253123,1676.70846284752,2021-12-31
"Independent by age, Reference: Week and day of week, Report: Day of week",2021-12-31,2021-12-08,00+,DE-NW,267,FALSE,1,278.678,278,3.92352048631115,4.4478,272,273,275,276,278,281,282,284,286,287,1.00026733227079,1922.26409930747,1776.38278596016,2021-12-31
"Independent by age, Reference: Week and day of week, Report: Day of week",2021-12-31,2021-12-09,00+,DE-NW,269,FALSE,1,282.1185,282,4.23254237515453,4.4478,275,276,279,279,282,285,286,288,290,292,1.00110878497426,2028.88052211177,1804.8288909042,2021-12-31
"Independent by age, Reference: Week and day of week, Report: Day of week",2021-12-31,2021-12-10,00+,DE-NW,255,FALSE,1,269.2755,269,4.44977527522458,4.4478,261.975,262,265,266,269,272,273,275,277,279,1.00039024511839,2256.22208661671,1973.29300932168,2021-12-31
"Independent by age, Reference: Week and day of week, Report: Day of week",2021-12-31,2021-12-11,00+,DE-NW,220,FALSE,1,235.023,235,4.68000237298076,4.4478,227,228,231,232,235,238,239,241,243,245,1.00089316127013,2203.05469970301,1972.51613612351,2021-12-31
"Independent by age, Reference: Week and day of week, Report: Day of week",2021-12-31,2021-12-12,00+,DE-NW,154,FALSE,1,166.691,166,4.02574493866111,4.4478,160,161,163,164,166,169,170,172,174,175,0.999708663877837,2096.97665000619,1963.9057131648,2021-12-31
"Independent by age, Reference: Week and day of week, Report: Day of week",2021-12-31,2021-12-13,00+,DE-NW,73,FALSE,1,80.798,80,3.24306255372351,2.9652,75,76,78,78.75,80,83,83,85,86,88,0.999454922491612,2008.52320585146,1960.29019551337,2021-12-31
"Independent by age, Reference: Week and day of week, Report: Day of week",2021-12-31,2021-12-14,00+,DE-NW,173,FALSE,1,185.8035,186,4.18158230401874,4.4478,178,179,182,183,186,189,189,191,193,195,1.00054248426359,1896.15285324775,1828.8731008316,2021-12-31
"Independent by age, Reference: Week and day of week, Report: Day of week",2021-12-31,2021-12-15,00+,DE-NW,218,FALSE,1,238.1285,238,5.43606136201255,5.9304,229,230,233,234,238,242,243,245,248,250,1.00096262392345,1827.61305664103,1906.08492151643,2021-12-31
"Independent by age, Reference: Week and day of week, Report: Day of week",2021-12-31,2021-12-16,00+,DE-NW,157,FALSE,1,175.894,176,5.43714495600736,5.9304,166.975,168,171,172,176,179,180,183,186,188,0.999436402273282,2067.80282410257,1835.0618501295,2021-12-31
"Independent by age, Reference: Week and day of week, Report: Day of week",2021-12-31,2021-12-17,00+,DE-NW,172,FALSE,1,193.034,193,6.08344870727838,5.9304,182,184,188,189,193,197,198,201,203,207,1.00108823709143,2027.70651762817,2002.23002854053,2021-12-31
"Independent by age, Reference: Week and day of week, Report: Day of week",2021-12-31,2021-12-18,00+,DE-NW,166,FALSE,1,190.509,190,6.64447089667404,5.9304,179,180,185,186,190,195,196,199,202,205,1.00056432859236,1960.35059048626,1845.09038758168,2021-12-31
"Independent by age, Reference: Week and day of week, Report: Day of week",2021-12-31,2021-12-19,00+,DE-NW,96,FALSE,1,115.305,115,5.63025975532712,5.9304,105,107,111,111,115,119,120,123,126,128,1.00000439188508,1707.25925322182,1931.951487789,2021-12-31
"Independent by age, Reference: Week and day of week, Report: Day of week",2021-12-31,2021-12-20,00+,DE-NW,92,FALSE,1,109.4055,109,5.16879366622252,4.4478,100,102,105,106,109,113,114,116,118,120,1.00224032533288,1722.82867609138,1587.39069157097,2021-12-31
"Independent by age, Reference: Week and day of week, Report: Day of week",2021-12-31,2021-12-21,00+,DE-NW,135,FALSE,1,157.596,157,6.30782675246947,5.9304,147,148,152,153,157,162,163,166,168.05,171,1.00037567417252,2132.89115279292,1909.56988888553,2021-12-31
"Independent by age, Reference: Week and day of week, Report: Day of week",2021-12-31,2021-12-22,00+,DE-NW,156,FALSE,1,189.8865,189,8.36005759738028,7.413,175,177,183,184,189,195,197,201,205,207,0.999432170411594,2022.61170857324,2035.63001398037,2021-12-31
"Independent by age, Reference: Week and day of week, Report: Day of week",2021-12-31,2021-12-23,00+,DE-NW,152,FALSE,1,191.868,191,9.66391595761356,10.3782,175,177,184,185,191,199,200,204,208,213,0.999396397188636,1730.39042791093,1779.11534839403,2021-12-31
"Independent by age, Reference: Week and day of week, Report: Day of week",2021-12-31,2021-12-24,00+,DE-NW,117,FALSE,1,159.351,159,10.7793736575102,10.3782,141,143,150,152,159,166,168,173.1,178,182,0.999933814285192,1875.97362779204,2046.71570595849,2021-12-31
"Independent by age, Reference: Week and day of week, Report: Day of week",2021-12-31,2021-12-25,00+,DE-NW,74,FALSE,1,111.3855,111,9.71015104242119,8.8956,94,97,103,105,111,117,119,124,128,133,1.00217168030157,2147.03394218004,1697.08096555674,2021-12-31
"Independent by age, Reference: Week and day of week, Report: Day of week",2021-12-31,2021-12-26,00+,DE-NW,32,FALSE,1,54.0395,53,6.79831216362834,5.9304,43,44,48,49,53,58,59,63,66,69,1.00047033046444,1502.67966994932,1458.92832019617,2021-12-31
"Independent by age, Reference: Week and day of week, Report: Day of week",2021-12-31,2021-12-27,00+,DE-NW,58,FALSE,1,86.47,86,7.38704164006783,7.413,74,75,80,81,86,91,92,96,100,103,1.00206662426968,2164.99593138535,1814.27749852612,2021-12-31
"Independent by age, Reference: Week and day of week, Report: Day of week",2021-12-31,2021-12-28,00+,DE-NW,118,FALSE,1,171.363,170,13.3917474755995,13.3434,148,151,160,162,170,180,182,189,194.05,200,1.00035337487452,2063.57642196527,1733.8041477087,2021-12-31
"Independent by age, Reference: Week and day of week, Report: Day of week",2021-12-31,2021-12-29,00+,DE-NW,112,FALSE,1,194.181,192,20.5744718874318,19.2738,158,163,177,180,192,207,210,220,230,241,1.00129789861135,1815.70142286058,1781.80111935656,2021-12-31
"Independent by age, Reference: Week and day of week, Report: Day of week",2021-12-31,2021-12-30,00+,DE-NW,71,FALSE,1,166.311,163,26.4789698992136,25.2042,123,128,144,148,163,182,187,200,213.05,227.025,1.00243578827839,2080.85590775266,1608.78415229759,2021-12-31
"Independent by age, Reference: Week and day of week, Report: Day of week",2021-12-31,2021-12-31,00+,DE-NW,41,FALSE,1,170.4445,164,44.2840090380065,38.5476,102.975,111,135,139,164,192.25,200,227,252.05,278.025,1.00008020711693,2724.92762400568,1847.69789217062,2021-12-31
"Independent by age, Reference: Week and day of week, Report: Day of week",2021-12-31,2021-11-22,00+,DE-RP,21,FALSE,1,21,21,0,0,21,21,21,21,21,21,21,21,21,21,,,,2021-12-31
"Independent by age, Reference: Week and day of week, Report: Day of week",2021-12-31,2021-11-23,00+,DE-RP,69,FALSE,1,69.137,69,0.385104080186497,0,69,69,69,69,69,69,69,70,70,70,0.999281744978962,1815.75526417012,1783.22363984492,2021-12-31
"Independent by age, Reference: Week and day of week, Report: Day of week",2021-12-31,2021-11-24,00+,DE-RP,69,FALSE,1,69.4225,69,0.72197948529622,0,69,69,69,69,69,70,70,70,71,71,1.00018614381401,2072.76270365135,1972.16882601471,2021-12-31
"Independent by age, Reference: Week and day of week, Report: Day of week",2021-12-31,2021-11-25,00+,DE-RP,84,FALSE,1,84.887,85,1.04918129543723,1.4826,84,84,84,84,85,85,86,86,87,87,1.0010764432388,1927.85470929069,1984.59567574833,2021-12-31
"Independent by age, Reference: Week and day of week, Report: Day of week",2021-12-31,2021-11-26,00+,DE-RP,68,FALSE,1,68.954,69,1.10294707312865,1.4826,68,68,68,68,69,69,70,70,71,72,1.00074360244668,2104.26788276761,1982.12891801708,2021-12-31
"Independent by age, Reference: Week and day of week, Report: Day of week",2021-12-31,2021-11-27,00+,DE-RP,66,FALSE,1,67.395,67,1.28249654919588,1.4826,66,66,66,66,67,68,68,69,70,70,1.00200422550717,2059.27857627619,1878.36165926412,2021-12-31
"Independent by age, Reference: Week and day of week, Report: Day of week",2021-12-31,2021-11-28,00+,DE-RP,39,FALSE,1,40.017,40,1.10513422751737,1.4826,39,39,39,39,40,41,41,42,42,43,0.999785901351958,1880.87618129403,1872.42008643482,2021-12-31
"Independent by age, Reference: Week and day of week, Report: Day of week",2021-12-31,2021-11-29,00+,DE-RP,20,FALSE,1,20.853,21,1.01286916824237,1.4826,20,20,20,20,21,21,22,22,23,23,0.999909140318021,1956.79278812276,1843.13557071369,2021-12-31
"Independent by age, Reference: Week and day of week, Report: Day of week",2021-12-31,2021-11-30,00+,DE-RP,68,FALSE,1,69.836,70,1.55380537892549,1.4826,68,68,69,69,70,71,71,72,73,74,0.999849005590242,1939.29574144629,1753.18328178379,2021-12-31
"Independent by age, Reference: Week and day of week, Report: Day of week",2021-12-31,2021-12-01,00+,DE-RP,70,FALSE,1,73.2045,73,2.09663484871458,1.4826,70,70,71,72,73,74,75,76,77,78,1.00238689122963,1801.2709997002,1618.68207293995,2021-12-31
"Independent by age, Reference: Week and day of week, Report: Day of week",2021-12-31,2021-12-02,00+,DE-RP,62,FALSE,1,65.287,65,2.08945301621106,1.4826,62,62,64,64,65,67,67,68,69,70,1.00027810631997,2085.56849227655,2083.18214019216,2021-12-31
"Independent by age, Reference: Week and day of week, Report: Day of week",2021-12-31,2021-12-03,00+,DE-RP,68,FALSE,1,71.9875,72,2.46015648586985,2.9652,68,69,70,70,72,73,74,75,77,78,0.999453558777584,2024.09458119066,1841.8826460505,2021-12-31
"Independent by age, Reference: Week and day of week, Report: Day of week",2021-12-31,2021-12-04,00+,DE-RP,76,FALSE,1,81.721,81,3.08511230897345,2.9652,77,77,79,80,81,84,84,86,87,89,1.00046577363576,2108.36974605625,1862.4997309285,2021-12-31
"Independent by age, Reference: Week and day of week, Report: Day of week",2021-12-31,2021-12-05,00+,DE-RP,25,FALSE,1,27.6265,27,1.81070071202677,1.4826,25,25,26,26,27,29,29,30,31,32,1.00098316246086,1916.72251945608,1894.61806499513,2021-12-31
"Independent by age, Reference: Week and day of week, Report: Day of week",2021-12-31,2021-12-06,00+,DE-RP,15,FALSE,1,17.0345,17,1.63512891641199,1.4826,15,15,16,16,17,18,18,19,20,21,1.00205037316972,2051.28974198976,1835.42546024283,2021-12-31
"Independent by age, Reference: Week and day of week, Report: Day of week",2021-12-31,2021-12-07,00+,DE-RP,62,FALSE,1,66.8955,67,2.74013392317939,2.9652,63,63,65,65,67,68,69,70,72,73,0.999360170693834,1741.515443955,1761.6374113372,2021-12-31
"Independent by age, Reference: Week and day of week, Report: Day of week",2021-12-31,2021-12-08,00+,DE-RP,71,FALSE,1,78.37,78,3.44238652863188,2.9652,73,73,75,76,78,80,81,83,84,86,1.00078905574192,1911.43161893457,2002.11945889685,2021-12-31
"Independent by age, Reference: Week and day of week, Report: Day of week",2021-12-31,2021-12-09,00+,DE-RP,62,FALSE,1,69.8115,69,3.6223650443125,2.9652,64,65,67,67,69,72,73,75,76.05,78,1.00033844334116,2001.77328853609,1898.05471307828,2021-12-31
"Independent by age, Reference: Week and day of week, Report: Day of week",2021-12-31,2021-12-10,00+,DE-RP,67,FALSE,1,76.6145,76,4.25299114939808,4.4478,70,70,73,74,76,79,80,82,84,86,1.0010627481812,1802.10614978721,1889.73946145325,2021-12-31
"Independent by age, Reference: Week and day of week, Report: Day of week",2021-12-31,2021-12-11,00+,DE-RP,53,FALSE,1,61.191,61,3.80614797153114,4.4478,55,56,58,58,61,63,64,66,68,70,1.00300417289439,1798.76883752285,1852.72642252168,2021-12-31
"Independent by age, Reference: Week and day of week, Report: Day of week",2021-12-31,2021-12-12,00+,DE-RP,38,FALSE,1,45.5385,45,3.70261697130801,2.9652,40,40,42,43,45,48,48,50,52,54,1.00073224027937,2134.08156288942,2014.99689234068,2021-12-31
"Independent by age, Reference: Week and day of week, Report: Day of week",2021-12-31,2021-12-13,00+,DE-RP,14,FALSE,1,18.747,18,2.62629772110093,2.9652,15,15,16,17,18,20,21,22,24,25,0.999302279131411,2126.67740484173,1863.29469817718,2021-12-31
"Independent by age, Reference: Week and day of week, Report: Day of week",2021-12-31,2021-12-14,00+,DE-RP,59,FALSE,1,68.1095,68,4.03406080436161,4.4478,62,62,65,65,68,71,71,74,75,77,1.00011341670817,2036.70055788756,1955.88528935094,2021-12-31
"Independent by age, Reference: Week and day of week, Report: Day of week",2021-12-31,2021-12-15,00+,DE-RP,99,FALSE,1,120.5975,120,7.75484123185418,7.413,108,109,114,115,120,125,127,131,134,138,0.999843371778358,2087.74973062403,1775.48944362743,2021-12-31
"Independent by age, Reference: Week and day of week, Report: Day of week",2021-12-31,2021-12-16,00+,DE-RP,49,FALSE,1,61.915,61,5.17949694413436,4.4478,54,55,58,58,61,65,66,69,71,73,1.00156384840986,1899.24871251767,1603.3630213058,2021-12-31
"Independent by age, Reference: Week and day of week, Report: Day of week",2021-12-31,2021-12-17,00+,DE-RP,44,FALSE,1,56.188,56,5.16197433057302,4.4478,48,49,52,52,56,59,60,63,66,68,1.00087424192539,2243.5366219916,2001.99369735547,2021-12-31
"Independent by age, Reference: Week and day of week, Report: Day of week",2021-12-31,2021-12-18,00+,DE-RP,41,FALSE,1,53.851,53,5.39660640405989,4.4478,45,46,49,50,53,57,58,61,63.05,66,1.00102830855987,1907.0214518336,1976.13225077009,2021-12-31
"Independent by age, Reference: Week and day of week, Report: Day of week",2021-12-31,2021-12-19,00+,DE-RP,15,FALSE,1,22.5695,22,3.6909322996528,2.9652,17,17,20,20,22,25,25,27,29,31,1.00033277737739,2224.91939907348,1943.02460579797,2021-12-31
"Independent by age, Reference: Week and day of week, Report: Day of week",2021-12-31,2021-12-20,00+,DE-RP,9,FALSE,1,15.0315,15,3.36127309637497,2.9652,10,10,12,13,15,17,18,19,21,23,1.00066060646994,2200.05449029728,1908.35424393781,2021-12-31
"Independent by age, Reference: Week and day of week, Report: Day of week",2021-12-31,2021-12-21,00+,DE-RP,42,FALSE,1,54.528,54,5.48254002471129,4.4478,46,47,50,51,54,58,59,62,64,67,0.999783442660299,1942.33763515969,1747.66565317172,2021-12-31
"Independent by age, Reference: Week and day of week, Report: Day of week",2021-12-31,2021-12-22,00+,DE-RP,36,FALSE,1,52.487,52,6.49360565920265,5.9304,42,43,47,48,52,56,57,61,64,67,0.999960116228302,2112.74932493044,1589.90503983813,2021-12-31
"Independent by age, Reference: Week and day of week, Report: Day of week",2021-12-31,2021-12-23,00+,DE-RP,29,FALSE,1,45.7175,45,6.77507524476933,5.9304,35,36,40,41,45,50,51,55,58,61,0.999823262061729,2292.90124183694,1668.17802091505,2021-12-31
"Independent by age, Reference: Week and day of week, Report: Day of week",2021-12-31,2021-12-24,00+,DE-RP,28,FALSE,1,45.5995,45,7.88417274290207,7.413,33,35,39,40,45,50,52,56,60,63.0249999999999,1.00009038719605,2352.96702665624,1976.55495288142,2021-12-31
"Independent by age, Reference: Week and day of week, Report: Day of week",2021-12-31,2021-12-25,00+,DE-RP,8,FALSE,1,17.561,17,4.9472736692424,4.4478,10,11,13,14,17,20,21,24,27,29,1.00021483125987,2468.5650039206,1922.27547756403,2021-12-31
"Independent by age, Reference: Week and day of week, Report: Day of week",2021-12-31,2021-12-26,00+,DE-RP,4,FALSE,1,9.9625,9,3.77547624286397,2.9652,5,5,7,7,9,12,13,15,17,19,0.999641304681568,2490.49201149851,1891.92386638646,2021-12-31
"Independent by age, Reference: Week and day of week, Report: Day of week",2021-12-31,2021-12-27,00+,DE-RP,3,FALSE,1,10.1845,9,4.48692834943979,4.4478,4,4.95,6,7,9,12,13,16,18,21,1.00029443573106,2536.14391980381,1921.70425536233,2021-12-31
"Independent by age, Reference: Week and day of week, Report: Day of week",2021-12-31,2021-12-28,00+,DE-RP,22,FALSE,1,37.628,36,7.73294997123535,7.413,26,27,31,32,36,42,43,48,52,55.0249999999999,1.00082334550779,2158.15195783338,1928.24941616787,2021-12-31
"Independent by age, Reference: Week and day of week, Report: Day of week",2021-12-31,2021-12-29,00+,DE-RP,27,FALSE,1,56.0665,53,13.9720323000377,11.8608,36,38,44.8,46,53,63,66,74,83,90.0249999999999,1.00030462179317,2624.47711148406,1961.30573692171,2021-12-31
"Independent by age, Reference: Week and day of week, Report: Day of week",2021-12-31,2021-12-30,00+,DE-RP,20,FALSE,1,58.4495,54,19.57076792639,16.3086,32,35,42,44,54,68,72,83,95,107,1.00055401539154,2127.50819400377,2044.69437324676,2021-12-31
"Independent by age, Reference: Week and day of week, Report: Day of week",2021-12-31,2021-12-31,00+,DE-RP,8,FALSE,1,53.4945,45,33.1590821965274,23.7216,17,20,29,32,45,66,72,92.1000000000001,111.05,134,1.00076450494399,2521.90798607579,1620.90071500837,2021-12-31
"Independent by age, Reference: Week and day of week, Report: Day of week",2021-12-31,2021-11-22,00+,DE-SH,13,FALSE,1,13,13,0,0,13,13,13,13,13,13,13,13,13,13,,,,2021-12-31
"Independent by age, Reference: Week and day of week, Report: Day of week",2021-12-31,2021-11-23,00+,DE-SH,30,FALSE,1,30.0175,30,0.131157733952626,0,30,30,30,30,30,30,30,30,30,30,0.999106032070648,1894.88098624642,1894.88098624642,2021-12-31
"Independent by age, Reference: Week and day of week, Report: Day of week",2021-12-31,2021-11-24,00+,DE-SH,40,FALSE,1,40.0925,40,0.319366165042083,0,40,40,40,40,40,40,40,40,41,41,0.999204143978685,1942.91340312836,1935.33175589483,2021-12-31
"Independent by age, Reference: Week and day of week, Report: Day of week",2021-12-31,2021-11-25,00+,DE-SH,39,FALSE,1,39.1325,39,0.374184121627895,0,39,39,39,39,39,39,39,40,40,40,0.999696199938445,1935.22258136536,1825.92359402633,2021-12-31
"Independent by age, Reference: Week and day of week, Report: Day of week",2021-12-31,2021-11-26,00+,DE-SH,25,FALSE,1,25.125,25,0.355581522452383,0,25,25,25,25,25,25,25,26,26,26,0.999471344648098,2052.87512837941,1988.90277202137,2021-12-31
"Independent by age, Reference: Week and day of week, Report: Day of week",2021-12-31,2021-11-27,00+,DE-SH,18,FALSE,1,18.14,18,0.391761073065184,0,18,18,18,18,18,18,18,19,19,19,0.999573368003388,2097.67973136257,1843.35932053001,2021-12-31
"Independent by age, Reference: Week and day of week, Report: Day of week",2021-12-31,2021-11-28,00+,DE-SH,15,FALSE,1,15.182,15,0.438146078372267,0,15,15,15,15,15,15,15,16,16,16,0.99911484379566,1998.19345559354,1958.75823112387,2021-12-31
"Independent by age, Reference: Week and day of week, Report: Day of week",2021-12-31,2021-11-29,00+,DE-SH,4,FALSE,1,4.1565,4,0.40631305067346,0,4,4,4,4,4,4,4,5,5,5,0.999411020241735,1783.70294418209,1806.20382968583,2021-12-31
"Independent by age, Reference: Week and day of week, Report: Day of week",2021-12-31,2021-11-30,00+,DE-SH,34,FALSE,1,34.2785,34,0.555060173222642,0,34,34,34,34,34,34,35,35,35,36,0.999988537312582,2042.89618108658,1984.9013158322,2021-12-31
"Independent by age, Reference: Week and day of week, Report: Day of week",2021-12-31,2021-12-01,00+,DE-SH,22,FALSE,1,22.373,22,0.637239387529137,0,22,22,22,22,22,23,23,23,24,24,0.999079694457122,2015.20788197008,1865.22141794476,2021-12-31
"Independent by age, Reference: Week and day of week, Report: Day of week",2021-12-31,2021-12-02,00+,DE-SH,24,FALSE,1,24.459,24,0.715943634404149,0,24,24,24,24,24,25,25,25,26,26,0.999978326135533,1847.57535110097,1743.08568464619,2021-12-31
"Independent by age, Reference: Week and day of week, Report: Day of week",2021-12-31,2021-12-03,00+,DE-SH,25,FALSE,1,25.508,25,0.770865174046849,0,25,25,25,25,25,26,26,27,27,27.0249999999999,0.999903982320727,1648.75301269599,1714.08908525594,2021-12-31
"Independent by age, Reference: Week and day of week, Report: Day of week",2021-12-31,2021-12-04,00+,DE-SH,22,FALSE,1,22.627,22,0.867321810841732,0,22,22,22,22,22,23,23,24,24,25,0.999653610924865,2149.55734698574,1950.49724476495,2021-12-31
"Independent by age, Reference: Week and day of week, Report: Day of week",2021-12-31,2021-12-05,00+,DE-SH,18,FALSE,1,18.7425,18,0.928776110013207,0,18,18,18,18,18,19,19,20,21,21,1.00065906893009,1948.88529348538,1940.33402940608,2021-12-31
"Independent by age, Reference: Week and day of week, Report: Day of week",2021-12-31,2021-12-06,00+,DE-SH,12,FALSE,1,12.5635,12,0.804544216123545,0,12,12,12,12,12,13,13,14,14,15,1.00092596854466,1866.3878390107,1915.11528507451,2021-12-31
"Independent by age, Reference: Week and day of week, Report: Day of week",2021-12-31,2021-12-07,00+,DE-SH,31,FALSE,1,31.902,32,1.03582453448116,1.4826,31,31,31,31,32,32,33,33,34,34,1.00010961119675,1919.35100713551,2094.22286094398,2021-12-31
"Independent by age, Reference: Week and day of week, Report: Day of week",2021-12-31,2021-12-08,00+,DE-SH,33,FALSE,1,34.303,34,1.30385621159323,1.4826,33,33,33,33,34,35,35,36,37,37,1.0005846910147,1953.13308260002,1665.8499271696,2021-12-31
"Independent by age, Reference: Week and day of week, Report: Day of week",2021-12-31,2021-12-09,00+,DE-SH,18,FALSE,1,19.097,19,1.16157893955444,1.4826,18,18,18,18,19,20,20,21,21,22,1.0007045796726,1955.4133033699,1798.74076086353,2021-12-31
"Independent by age, Reference: Week and day of week, Report: Day of week",2021-12-31,2021-12-10,00+,DE-SH,21,FALSE,1,22.268,22,1.25178252094358,1.4826,21,21,21,21,22,23,23,24,25,25,1.00111986328334,1914.67139806315,1868.24739157141,2021-12-31
"Independent by age, Reference: Week and day of week, Report: Day of week",2021-12-31,2021-12-11,00+,DE-SH,22,FALSE,1,23.632,23,1.42919463287871,1.4826,22,22,22,23,23,24,25,26,26,27,0.999863885086414,1993.14517324476,1987.12259998087,2021-12-31
"Independent by age, Reference: Week and day of week, Report: Day of week",2021-12-31,2021-12-12,00+,DE-SH,18,FALSE,1,19.654,19,1.48235714028222,1.4826,18,18,18,19,19,20,21,22,22,23,1.00192339385656,1671.5713692319,1750.18560057803,2021-12-31
"Independent by age, Reference: Week and day of week, Report: Day of week",2021-12-31,2021-12-13,00+,DE-SH,7,FALSE,1,8.174,8,1.20060181674075,1.4826,7,7,7,7,8,9,9,10,10,11,1.00030506704349,2172.90788206243,2003.29738781952,2021-12-31
"Independent by age, Reference: Week and day of week, Report: Day of week",2021-12-31,2021-12-14,00+,DE-SH,26,FALSE,1,27.7845,28,1.51135761847601,1.4826,26,26,26,27,28,29,29,30,31,31,1.00025901291748,2071.83793775347,1880.93610629333,2021-12-31
"Independent by age, Reference: Week and day of week, Report: Day of week",2021-12-31,2021-12-15,00+,DE-SH,27,FALSE,1,29.7525,29,1.95937830233619,1.4826,27,27,28,28,29,31,31,32,33,34,1.00081936029179,2043.88324952283,1851.44911568538,2021-12-31
"Independent by age, Reference: Week and day of week, Report: Day of week",2021-12-31,2021-12-16,00+,DE-SH,36,FALSE,1,39.8435,39,2.39747402297615,1.4826,36,37,38,38,39,41,42,43,44,45.0249999999999,1.00008606974308,2142.11084345294,2071.42414710873,2021-12-31
"Independent by age, Reference: Week and day of week, Report: Day of week",2021-12-31,2021-12-17,00+,DE-SH,32,FALSE,1,35.416,35,2.32285208760921,1.4826,32,32,33,34,35,37,37,38,40,41,1.00197824251424,1843.85235588682,1975.753699268,2021-12-31
"Independent by age, Reference: Week and day of week, Report: Day of week",2021-12-31,2021-12-18,00+,DE-SH,28,FALSE,1,31.6295,31,2.29823207821636,1.4826,28,28,30,30,31,33,34,35,36,37,1.00090445021593,1921.76764408049,1820.15964138371,2021-12-31
"Independent by age, Reference: Week and day of week, Report: Day of week",2021-12-31,2021-12-19,00+,DE-SH,10,FALSE,1,12.7785,12,1.94276218628432,1.4826,10,10,11,11,12,14,14,15,16,17,1.00051465965063,1833.50233299771,1654.47556863505,2021-12-31
"Independent by age, Reference: Week and day of week, Report: Day of week",2021-12-31,2021-12-20,00+,DE-SH,5,FALSE,1,7.061,7,1.7282281059493,1.4826,5,5,6,6,7,8,8,9,10,11,0.999935548483075,1984.72911955285,1908.31895118554,2021-12-31
"Independent by age, Reference: Week and day of week, Report: Day of week",2021-12-31,2021-12-21,00+,DE-SH,20,FALSE,1,23.131,23,2.13872066035551,1.4826,20,20,21,22,23,24,25,26,27,28,1.00014644180436,1848.67920608577,1873.26737015848,2021-12-31
"Independent by age, Reference: Week and day of week, Report: Day of week",2021-12-31,2021-12-22,00+,DE-SH,19,FALSE,1,23.502,23,2.70011876047339,2.9652,19,20,21,22,23,25,26,27,29,30,1.0002970389851,1936.02964522592,1966.49007672293,2021-12-31
"Independent by age, Reference: Week and day of week, Report: Day of week",2021-12-31,2021-12-23,00+,DE-SH,26,FALSE,1,31.328,31,3.06693968958142,2.9652,27,27,29,29,31,33,34,35,37,38.0249999999999,1.00054925729677,2134.5218621388,1637.72080825371,2021-12-31
"Independent by age, Reference: Week and day of week, Report: Day of week",2021-12-31,2021-12-24,00+,DE-SH,18,FALSE,1,20.5945,20,1.94292491584577,1.4826,18,18,19,19,20,22,22,23,24,25,1.00055327074182,2216.08306099675,2023.46377040531,2021-12-31
"Independent by age, Reference: Week and day of week, Report: Day of week",2021-12-31,2021-12-25,00+,DE-SH,6,FALSE,1,9.256,9,2.19131579934665,1.4826,6,6,7,8,9,10,11,12,13,14,1.00036250615889,2148.77205882062,1831.05954244658,2021-12-31
"Independent by age, Reference: Week and day of week, Report: Day of week",2021-12-31,2021-12-26,00+,DE-SH,3,FALSE,1,5.4095,5,1.85135720803844,1.4826,3,3,4,4,5,6,7,8,9,10,0.999942917608788,2013.56791440912,1918.80177146921,2021-12-31
"Independent by age, Reference: Week and day of week, Report: Day of week",2021-12-31,2021-12-27,00+,DE-SH,7,FALSE,1,9.6555,9,2.02678900896058,1.4826,7,7,8,8,9,11,11,12,13,14,0.999833338391465,1737.75424534425,1905.61395393464,2021-12-31
"Independent by age, Reference: Week and day of week, Report: Day of week",2021-12-31,2021-12-28,00+,DE-SH,13,FALSE,1,15.3495,15,1.94222446383881,1.4826,13,13,14,14,15,16,17,18,19,20,1.00003308872391,2179.3668387748,1772.38683395353,2021-12-31
"Independent by age, Reference: Week and day of week, Report: Day of week",2021-12-31,2021-12-29,00+,DE-SH,8,FALSE,1,11.316,11,2.46539714681951,1.4826,8,8,9,10,11,12,13,15,16,17,1.00239044505643,1564.71464432107,1842.87778739558,2021-12-31
"Independent by age, Reference: Week and day of week, Report: Day of week",2021-12-31,2021-12-30,00+,DE-SH,19,FALSE,1,24.892,24,3.58451675685721,2.9652,20,20,22,22,24,27,28,30,32,33.0249999999999,1.0021642555022,1925.40748563543,1959.58576758085,2021-12-31
"Independent by age, Reference: Week and day of week, Report: Day of week",2021-12-31,2021-12-31,00+,DE-SH,6,FALSE,1,12.3865,11,4.93865496936699,4.4478,6,7,9,9,11,14,15,18,21,26.0249999999999,1.00004952589882,2232.4483420734,1877.73648230599,2021-12-31
"Independent by age, Reference: Week and day of week, Report: Day of week",2021-12-31,2021-11-22,00+,DE-SL,0,FALSE,1,0,0,0,0,0,0,0,0,0,0,0,0,0,0,,,,2021-12-31
"Independent by age, Reference: Week and day of week, Report: Day of week",2021-12-31,2021-11-23,00+,DE-SL,5,FALSE,1,5.0255,5,0.157677459043914,0,5,5,5,5,5,5,5,5,5,6,0.999448619114004,2032.00912208629,2032.00912208629,2021-12-31
"Independent by age, Reference: Week and day of week, Report: Day of week",2021-12-31,2021-11-24,00+,DE-SL,19,FALSE,1,19.104,19,0.333526040677343,0,19,19,19,19,19,19,19,19,20,20,0.999303805840782,2061.53017086881,2040.46226294578,2021-12-31
"Independent by age, Reference: Week and day of week, Report: Day of week",2021-12-31,2021-11-25,00+,DE-SL,11,FALSE,1,11.168,11,0.41936133818699,0,11,11,11,11,11,11,11,12,12,12,0.999612204659578,2111.80660061784,1935.73273374055,2021-12-31
"Independent by age, Reference: Week and day of week, Report: Day of week",2021-12-31,2021-11-26,00+,DE-SL,17,FALSE,1,17.178,17,0.43864815752839,0,17,17,17,17,17,17,17,18,18,18,0.999425828475072,1812.64587563803,1817.98052463478,2021-12-31
"Independent by age, Reference: Week and day of week, Report: Day of week",2021-12-31,2021-11-27,00+,DE-SL,11,FALSE,1,11.2515,11,0.519020655870853,0,11,11,11,11,11,11,12,12,12,13,1.00078813810989,1944.89376428799,1955.97415332654,2021-12-31
"Independent by age, Reference: Week and day of week, Report: Day of week",2021-12-31,2021-11-28,00+,DE-SL,8,FALSE,1,8.2465,8,0.528088239401615,0,8,8,8,8,8,8,9,9,9,10,1.00059269926738,2047.74575181326,1924.09034239669,2021-12-31
"Independent by age, Reference: Week and day of week, Report: Day of week",2021-12-31,2021-11-29,00+,DE-SL,3,FALSE,1,3.2585,3,0.538351800712754,0,3,3,3,3,3,3,4,4,4,5,0.999462975358228,2062.97231501496,1967.96646788423,2021-12-31
"Independent by age, Reference: Week and day of week, Report: Day of week",2021-12-31,2021-11-30,00+,DE-SL,11,FALSE,1,11.2455,11,0.513187520030795,0,11,11,11,11,11,11,12,12,12,13,1.00120130531272,2108.56945140641,1910.73014156559,2021-12-31
"Independent by age, Reference: Week and day of week, Report: Day of week",2021-12-31,2021-12-01,00+,DE-SL,16,FALSE,1,16.5305,16,0.76965312509369,0,16,16,16,16,16,17,17,18,18,18,1.00043064209067,1840.30003204907,1839.55552432036,2021-12-31
"Independent by age, Reference: Week and day of week, Report: Day of week",2021-12-31,2021-12-02,00+,DE-SL,18,FALSE,1,18.5475,18,0.8037827961531,0,18,18,18,18,18,19,19,20,20,21,0.999144335729638,2190.96899049979,2047.4538802412,2021-12-31
"Independent by age, Reference: Week and day of week, Report: Day of week",2021-12-31,2021-12-03,00+,DE-SL,14,FALSE,1,14.6325,14,0.86649821672049,0,14,14,14,14,14,15,15,16,16,17,0.999675813022709,1688.54746207677,1730.94621834533,2021-12-31
"Independent by age, Reference: Week and day of week, Report: Day of week",2021-12-31,2021-12-04,00+,DE-SL,8,FALSE,1,8.61,8,0.843359726222391,0,8,8,8,8,8,9,9,10,10,11,0.999346787012177,1960.10238396653,1915.66544420974,2021-12-31
"Independent by age, Reference: Week and day of week, Report: Day of week",2021-12-31,2021-12-05,00+,DE-SL,7,FALSE,1,7.8315,8,0.996295163104796,1.4826,7,7,7,7,8,8,8,9,10,10,1.00112474763034,1554.72623149322,1601.07072799084,2021-12-31
"Independent by age, Reference: Week and day of week, Report: Day of week",2021-12-31,2021-12-06,00+,DE-SL,12,FALSE,1,12.979,13,1.09140028279667,1.4826,12,12,12,12,13,14,14,14,15,16,1.00107543702766,1957.10912558397,1733.11017376207,2021-12-31
"Independent by age, Reference: Week and day of week, Report: Day of week",2021-12-31,2021-12-07,00+,DE-SL,13,FALSE,1,13.809,14,0.999509134152674,1.4826,13,13,13,13,14,14,15,15,16,16,0.999873708232872,1953.00640133898,1829.62304394785,2021-12-31
"Independent by age, Reference: Week and day of week, Report: Day of week",2021-12-31,2021-12-08,00+,DE-SL,18,FALSE,1,19.1805,19,1.21435459341136,1.4826,18,18,18,18,19,20,20,21,21,22,0.999676045021169,1446.95003240602,1669.31227595308,2021-12-31
"Independent by age, Reference: Week and day of week, Report: Day of week",2021-12-31,2021-12-09,00+,DE-SL,19,FALSE,1,20.2645,20,1.22771877752943,1.4826,19,19,19,19,20,21,21,22,23,23,1.00041897880597,2062.62535572016,2036.55807323389,2021-12-31
"Independent by age, Reference: Week and day of week, Report: Day of week",2021-12-31,2021-12-10,00+,DE-SL,11,FALSE,1,11.962,12,1.08910471238411,1.4826,11,11,11,11,12,12,13,13,14,15,1.00051789363191,1781.23128442475,1781.14072234361,2021-12-31
"Independent by age, Reference: Week and day of week, Report: Day of week",2021-12-31,2021-12-11,00+,DE-SL,7,FALSE,1,7.8395,8,1.01845882547582,1.4826,7,7,7,7,8,8,9,9,10,10,0.999776652853022,2074.87750134226,1828.93276728562,2021-12-31
"Independent by age, Reference: Week and day of week, Report: Day of week",2021-12-31,2021-12-12,00+,DE-SL,9,FALSE,1,10.3625,10,1.27667877884461,1.4826,9,9,9,9,10,11,11,12,13,14,1.00100612906863,1985.96053468946,1999.35904257192,2021-12-31
"Independent by age, Reference: Week and day of week, Report: Day of week",2021-12-31,2021-12-13,00+,DE-SL,8,FALSE,1,9.372,9,1.3731565021474,1.4826,8,8,8,8,9,10,10,11,12,13,1.00024088518323,1785.48487852136,1617.6110948627,2021-12-31
"Independent by age, Reference: Week and day of week, Report: Day of week",2021-12-31,2021-12-14,00+,DE-SL,13,FALSE,1,14.0045,14,1.09502478951155,1.4826,13,13,13,13,14,15,15,15,16,17,1.0002264054442,1879.61960292339,1887.00581402763,2021-12-31
"Independent by age, Reference: Week and day of week, Report: Day of week",2021-12-31,2021-12-15,00+,DE-SL,17,FALSE,1,18.3585,18,1.3137125524007,1.4826,17,17,17,17,18,19,19,20,21,22,0.999918758964233,1852.26698962607,1834.56407998839,2021-12-31
"Independent by age, Reference: Week and day of week, Report: Day of week",2021-12-31,2021-12-16,00+,DE-SL,8,FALSE,1,9.2495,9,1.24740841903602,1.4826,8,8,8,8,9,10,10,11,12,12,1.00120601853601,1973.0469464341,1991.22568190908,2021-12-31
"Independent by age, Reference: Week and day of week, Report: Day of week",2021-12-31,2021-12-17,00+,DE-SL,11,FALSE,1,12.2955,12,1.27278817753483,1.4826,11,11,11,11,12,13,13,14,15,15,0.999445214342082,1765.54699618717,1955.2369216882,2021-12-31
"Independent by age, Reference: Week and day of week, Report: Day of week",2021-12-31,2021-12-18,00+,DE-SL,3,FALSE,1,4.0855,4,1.15189113052766,1.4826,3,3,3,3,4,5,5,6,6,7,0.999565569861644,1910.93273059448,1931.66431431455,2021-12-31
"Independent by age, Reference: Week and day of week, Report: Day of week",2021-12-31,2021-12-19,00+,DE-SL,4,FALSE,1,5.418,5,1.31952513173742,1.4826,4,4,4,4,5,6,6,7,8,9,1.0000085435885,1859.72934647184,1909.15168600036,2021-12-31
"Independent by age, Reference: Week and day of week, Report: Day of week",2021-12-31,2021-12-20,00+,DE-SL,2,FALSE,1,3.3285,3,1.28546254592598,1.4826,2,2,2,2,3,4,4,5,6,6,0.99960021220171,1841.64593371154,1557.09470152674,2021-12-31
"Independent by age, Reference: Week and day of week, Report: Day of week",2021-12-31,2021-12-21,00+,DE-SL,6,FALSE,1,7.104,7,1.19327111251969,1.4826,6,6,6,6,7,8,8,9,9,10,1.00003747709216,1896.02515120283,1890.79744156516,2021-12-31
"Independent by age, Reference: Week and day of week, Report: Day of week",2021-12-31,2021-12-22,00+,DE-SL,15,FALSE,1,17.055,17,1.75114484099033,1.4826,15,15,16,16,17,18,18,19,20,21,1.00013237639006,1562.17517013343,1995.42582527865,2021-12-31
"Independent by age, Reference: Week and day of week, Report: Day of week",2021-12-31,2021-12-23,00+,DE-SL,6,FALSE,1,7.8855,8,1.57595417629539,1.4826,6,6,7,7,8,9,9,10,11,12,1.00044781368894,1764.56789929867,1756.92930992207,2021-12-31
"Independent by age, Reference: Week and day of week, Report: Day of week",2021-12-31,2021-12-24,00+,DE-SL,8,FALSE,1,9.6365,9,1.50748267054749,1.4826,8,8,8,8,9,10,11,12,13,13,1.0011878950454,1902.49197730676,1760.41179952243,2021-12-31
"Independent by age, Reference: Week and day of week, Report: Day of week",2021-12-31,2021-12-25,00+,DE-SL,2,FALSE,1,3.743,3,1.52647176784538,1.4826,2,2,2,3,3,5,5,6,6,7,1.00020123827645,2017.20248722399,1995.37531510858,2021-12-31
"Independent by age, Reference: Week and day of week, Report: Day of week",2021-12-31,2021-12-26,00+,DE-SL,5,FALSE,1,6.8535,7,1.57266474087569,1.4826,5,5,6,6,7,8,8,9,10,11,1.00219656685101,1717.1818126917,1795.56353786939,2021-12-31
"Independent by age, Reference: Week and day of week, Report: Day of week",2021-12-31,2021-12-27,00+,DE-SL,1,FALSE,1,2.7625,2,1.56150981631664,1.4826,1,1,1,2,2,4,4,5,6,6.02499999999986,0.999916821400799,2177.51063113645,1983.67455662533,2021-12-31
"Independent by age, Reference: Week and day of week, Report: Day of week",2021-12-31,2021-12-28,00+,DE-SL,7,FALSE,1,8.3715,8,1.3429033638808,1.4826,7,7,7,7,8,9,9,10,11,12,0.999491583779067,1905.35123112658,1819.69461418724,2021-12-31
"Independent by age, Reference: Week and day of week, Report: Day of week",2021-12-31,2021-12-29,00+,DE-SL,10,FALSE,1,11.939,12,1.63756520783294,1.4826,10,10,11,11,12,13,13,14,15,16,1.00005737145064,1691.53681339059,1772.2259422035,2021-12-31
"Independent by age, Reference: Week and day of week, Report: Day of week",2021-12-31,2021-12-30,00+,DE-SL,2,FALSE,1,3.9995,4,1.78524320378158,1.4826,2,2,3,3,4,5,5,6,7,8,1.0003649337228,2089.04833136591,1995.51131584389,2021-12-31
"Independent by age, Reference: Week and day of week, Report: Day of week",2021-12-31,2021-12-31,00+,DE-SL,3,FALSE,1,5.762,5,2.56975832111007,1.4826,3,3,4,4,5,7,7,9,11,12,0.999973382285536,2439.69803626115,1790.8244427761,2021-12-31
"Independent by age, Reference: Week and day of week, Report: Day of week",2021-12-31,2021-11-22,00+,DE-SN,77,FALSE,1,77,77,0,0,77,77,77,77,77,77,77,77,77,77,,,,2021-12-31
"Independent by age, Reference: Week and day of week, Report: Day of week",2021-12-31,2021-11-23,00+,DE-SN,173,FALSE,1,173.352,173,0.662808915019189,0,173,173,173,173,173,174,174,174,175,175,0.99999245947419,1899.32159817823,1853.78934834761,2021-12-31
"Independent by age, Reference: Week and day of week, Report: Day of week",2021-12-31,2021-11-24,00+,DE-SN,180,FALSE,1,180.949,181,1.11221288823425,1.4826,180,180,180,180,181,182,182,182,183,184,1.00121842061606,1967.70400857177,2017.48026046037,2021-12-31
"Independent by age, Reference: Week and day of week, Report: Day of week",2021-12-31,2021-11-25,00+,DE-SN,142,FALSE,1,143.4925,143,1.42265797993191,1.4826,142,142,142,142,143,144,144,145,146,147,0.999257135917941,1893.97472508685,1924.62534658878,2021-12-31
"Independent by age, Reference: Week and day of week, Report: Day of week",2021-12-31,2021-11-26,00+,DE-SN,153,FALSE,1,155.2435,155,1.77898570682075,1.4826,153,153,154,154,155,156,157,158,159,159,1.00008986630604,1982.64809549193,1791.01187433303,2021-12-31
"Independent by age, Reference: Week and day of week, Report: Day of week",2021-12-31,2021-11-27,00+,DE-SN,140,FALSE,1,142.518,142,1.90012663804819,1.4826,140,140,141,141,142,144,144,145,146,147,0.999671381250115,2111.82903935361,2088.90632534051,2021-12-31
"Independent by age, Reference: Week and day of week, Report: Day of week",2021-12-31,2021-11-28,00+,DE-SN,65,FALSE,1,66.6285,66,1.38580228531598,1.4826,65,65,65,66,66,67,68,69,69,70,1.00048838635996,1800.15864689174,1790.77173227148,2021-12-31
"Independent by age, Reference: Week and day of week, Report: Day of week",2021-12-31,2021-11-29,00+,DE-SN,63,FALSE,1,64.9065,65,1.55819502497856,1.4826,63,63,64,64,65,66,66,67,68,69,1.00098835667241,1824.81036864504,1732.87318506505,2021-12-31
"Independent by age, Reference: Week and day of week, Report: Day of week",2021-12-31,2021-11-30,00+,DE-SN,134,FALSE,1,138.137,138,2.4273807053168,2.9652,134,135,136,136,138,140,140,141,143,144,1.00093858734548,1970.48370232673,1913.87840995887,2021-12-31
"Independent by age, Reference: Week and day of week, Report: Day of week",2021-12-31,2021-12-01,00+,DE-SN,136,FALSE,1,141.2905,141,2.77127222135654,2.9652,137,137,139,139,141,143,143,145,146,147,0.999662961977841,2078.31004785884,1949.48509654003,2021-12-31
"Independent by age, Reference: Week and day of week, Report: Day of week",2021-12-31,2021-12-02,00+,DE-SN,149,FALSE,1,155.896,156,3.35809803478183,2.9652,151,151,153,153,156,158,158,160,162,164,0.999683646683471,1565.66897050956,2049.38419145662,2021-12-31
"Independent by age, Reference: Week and day of week, Report: Day of week",2021-12-31,2021-12-03,00+,DE-SN,132,FALSE,1,137.958,138,3.01293459727285,2.9652,133,134,135,136,138,140,140,142,144,145,1.00110235339923,1992.25433034823,1910.13949636301,2021-12-31
"Independent by age, Reference: Week and day of week, Report: Day of week",2021-12-31,2021-12-04,00+,DE-SN,164,FALSE,1,171.031,171,3.47952475868087,2.9652,166,166,168,169,171,173,174,176,178,179,0.999679176789829,2138.24172144008,1825.71286222213,2021-12-31
"Independent by age, Reference: Week and day of week, Report: Day of week",2021-12-31,2021-12-05,00+,DE-SN,72,FALSE,1,76.441,76,2.52362900436571,2.9652,73,73,74,75,76,78,78,80,81,82,1.00060252036905,2006.78834614774,2058.95732011673,2021-12-31
"Independent by age, Reference: Week and day of week, Report: Day of week",2021-12-31,2021-12-06,00+,DE-SN,66,FALSE,1,70.1505,70,2.40161062972506,2.9652,66,67,68,68,70,72,72,73,74,76,1.00093014507563,1760.71791075036,1856.05449138658,2021-12-31
"Independent by age, Reference: Week and day of week, Report: Day of week",2021-12-31,2021-12-07,00+,DE-SN,179,FALSE,1,187.7785,187,3.9732015951192,2.9652,182,182,184,185,187,190,191,193,195,197,1.00076244693273,2011.96903491716,1966.11656300224,2021-12-31
"Independent by age, Reference: Week and day of week, Report: Day of week",2021-12-31,2021-12-08,00+,DE-SN,148,FALSE,1,158.5735,158,4.33289565329829,4.4478,151,152,155,155,158,161,162,164,166,168.025,0.999948376576847,1978.45439596446,1853.8372617953,2021-12-31
"Independent by age, Reference: Week and day of week, Report: Day of week",2021-12-31,2021-12-09,00+,DE-SN,120,FALSE,1,130.984,130,4.42815404814885,4.4478,124,125,127,128,130,134,135,137,139,141,0.999494883980893,2104.48597910614,1989.89845660757,2021-12-31
"Independent by age, Reference: Week and day of week, Report: Day of week",2021-12-31,2021-12-10,00+,DE-SN,122,FALSE,1,134.6915,134,5.15534834499854,4.4478,126,127,130,131,134,138,139,141.1,144,146,0.999313784307349,1914.055403415,1765.08416886324,2021-12-31
"Independent by age, Reference: Week and day of week, Report: Day of week",2021-12-31,2021-12-11,00+,DE-SN,143,FALSE,1,156.1925,155,5.49231522340594,4.4478,148,149,152,152,155,159,160,164,166,169,1.00005191983477,2167.82150850125,2056.51570879165,2021-12-31
"Independent by age, Reference: Week and day of week, Report: Day of week",2021-12-31,2021-12-12,00+,DE-SN,69,FALSE,1,76.9025,76,3.88439673810613,4.4478,71,71,74,74,76,79,80,82,84,86,1.00108293986641,1452.05994812659,1900.81237489689,2021-12-31
"Independent by age, Reference: Week and day of week, Report: Day of week",2021-12-31,2021-12-13,00+,DE-SN,36,FALSE,1,41.5305,41,3.04806743815713,2.9652,37,37,39,39,41,43,44,46,47,49,1.00066655238551,1723.64904019783,1666.94337944813,2021-12-31
"Independent by age, Reference: Week and day of week, Report: Day of week",2021-12-31,2021-12-14,00+,DE-SN,116,FALSE,1,128.0155,128,5.12702671647767,4.4478,120,120,124,124,128,131,132,134.1,137,139.025,1.00241923514829,1619.73991952961,1703.85668683149,2021-12-31
"Independent by age, Reference: Week and day of week, Report: Day of week",2021-12-31,2021-12-15,00+,DE-SN,141,FALSE,1,159.675,159,6.75330871420037,5.9304,149,150,154,155,159,164,165,169,172,175,1.00388088439323,2038.06988457846,1961.65453664721,2021-12-31
"Independent by age, Reference: Week and day of week, Report: Day of week",2021-12-31,2021-12-16,00+,DE-SN,110,FALSE,1,127.768,127,6.64343613063382,5.9304,117,118,122,123,127,132,133,137,140,142,0.99958231015496,1877.12988270181,1786.59579522399,2021-12-31
"Independent by age, Reference: Week and day of week, Report: Day of week",2021-12-31,2021-12-17,00+,DE-SN,67,FALSE,1,76.7765,76,5.21873215759023,4.4478,69,70,72,73,76,80,81,84,87,89,1.0012809323419,1604.2001477896,1640.36033238371,2021-12-31
"Independent by age, Reference: Week and day of week, Report: Day of week",2021-12-31,2021-12-18,00+,DE-SN,97,FALSE,1,106.653,106,5.41971195164645,4.4478,99,100,102,103,106,110,111,114,117,120,1.0005980606407,1406.41971342166,1564.63268513719,2021-12-31
"Independent by age, Reference: Week and day of week, Report: Day of week",2021-12-31,2021-12-19,00+,DE-SN,37,FALSE,1,42.362,42,3.52677970499204,2.9652,37,38,39,40,42,44,45,47,49,51,0.999676720103916,1252.70151285244,1557.63309110666,2021-12-31
"Independent by age, Reference: Week and day of week, Report: Day of week",2021-12-31,2021-12-20,00+,DE-SN,32,FALSE,1,37.7195,37,3.69169799239232,2.9652,33,33,35,35,37,40,40,42,44,47,0.999790413734666,1380.89945396973,1629.07192991634,2021-12-31
"Independent by age, Reference: Week and day of week, Report: Day of week",2021-12-31,2021-12-21,00+,DE-SN,88,FALSE,1,98.337,97,5.98868626508275,5.9304,90,91,93,94,97,102,103,106,109,113,0.999907355413702,1198.1702407697,1591.80934369376,2021-12-31
"Independent by age, Reference: Week and day of week, Report: Day of week",2021-12-31,2021-12-22,00+,DE-SN,113,FALSE,1,130.8815,130,8.25908978229538,7.413,118,120,124,125,130,135,137,142,146.05,150,1.00175812892711,1301.1500582884,1316.94440904736,2021-12-31
"Independent by age, Reference: Week and day of week, Report: Day of week",2021-12-31,2021-12-23,00+,DE-SN,79,FALSE,1,97.449,96,9.01271399228631,8.8956,84,86,90,91,96,102,104,109,114,119,0.999594062823347,1690.88568382453,1393.14375633493,2021-12-31
"Independent by age, Reference: Week and day of week, Report: Day of week",2021-12-31,2021-12-24,00+,DE-SN,51,FALSE,1,57.4575,56,6.32733841008033,4.4478,51,51,53,53,56,59.25,61,65,71,75,1.00386799240952,741.41121305658,733.220942899316,2021-12-31
"Independent by age, Reference: Week and day of week, Report: Day of week",2021-12-31,2021-12-25,00+,DE-SN,20,FALSE,1,23.785,22,4.38285063512834,2.9652,20,20,21,21,22,25,26,29,33,36,1.00161102828489,747.811715236211,691.79881222054,2021-12-31
"Independent by age, Reference: Week and day of week, Report: Day of week",2021-12-31,2021-12-26,00+,DE-SN,18,FALSE,1,21.357,20,4.26938693870867,2.9652,18,18,18,19,20,22,23,27,30,34,1.00125645113374,616.645986680506,632.922659726748,2021-12-31
"Independent by age, Reference: Week and day of week, Report: Day of week",2021-12-31,2021-12-27,00+,DE-SN,26,FALSE,1,30.6915,29,5.38022315063003,2.9652,26,26,27,27,29,32,33,37,42,46,1.00140966176413,652.232507643429,535.37505806834,2021-12-31
"Independent by age, Reference: Week and day of week, Report: Day of week",2021-12-31,2021-12-28,00+,DE-SN,50,FALSE,1,56.5945,54,7.12898877755431,4.4478,50,50,52,52,54,59,60,65,70.05,76.0249999999999,1.00295086758446,642.995960707127,784.335949437495,2021-12-31
"Independent by age, Reference: Week and day of week, Report: Day of week",2021-12-31,2021-12-29,00+,DE-SN,33,FALSE,1,42.19,40,7.60478904429335,5.9304,34,34,36.8,37,40,45,46,52,56,62.0249999999999,1.00035466975478,763.513358601971,894.582925706802,2021-12-31
"Independent by age, Reference: Week and day of week, Report: Day of week",2021-12-31,2021-12-30,00+,DE-SN,16,FALSE,1,29.1265,27,9.45516778533964,7.413,18,19,22,22,27,33,35,41,48,56,1.00078339678587,1283.00638172892,1829.86673380429,2021-12-31
"Independent by age, Reference: Week and day of week, Report: Day of week",2021-12-31,2021-12-31,00+,DE-SN,3,FALSE,1,29.5415,24,21.5991096695966,14.826,6,7,13,15,24,38,41,57,72,87.0249999999999,1.00072214348075,2338.90471473029,1666.35481063733,2021-12-31
"Independent by age, Reference: Week and day of week, Report: Day of week",2021-12-31,2021-11-22,00+,DE-ST,23,FALSE,1,23,23,0,0,23,23,23,23,23,23,23,23,23,23,,,,2021-12-31
"Independent by age, Reference: Week and day of week, Report: Day of week",2021-12-31,2021-11-23,00+,DE-ST,63,FALSE,1,63.065,63,0.264215641006501,0,63,63,63,63,63,63,63,63,64,64,0.999536898139894,1989.65969242071,1999.8212403578,2021-12-31
"Independent by age, Reference: Week and day of week, Report: Day of week",2021-12-31,2021-11-24,00+,DE-ST,122,FALSE,1,122.2525,122,0.528093923081679,0,122,122,122,122,122,122,123,123,123,124,0.999149162792747,2004.58148832968,2009.1677144473,2021-12-31
"Independent by age, Reference: Week and day of week, Report: Day of week",2021-12-31,2021-11-25,00+,DE-ST,70,FALSE,1,70.3425,70,0.639060207628739,0,70,70,70,70,70,71,71,71,72,72,0.999467768864442,1711.38502030235,1854.66953553186,2021-12-31
"Independent by age, Reference: Week and day of week, Report: Day of week",2021-12-31,2021-11-26,00+,DE-ST,66,FALSE,1,66.626,66,0.843492584359777,0,66,66,66,66,66,67,67,68,68,69,1.00061161728573,1806.60889661748,1884.09611337967,2021-12-31
"Independent by age, Reference: Week and day of week, Report: Day of week",2021-12-31,2021-11-27,00+,DE-ST,76,FALSE,1,76.99,77,1.1209497152558,1.4826,76,76,76,76,77,78,78,78,79,80,0.999810306461491,1616.16027831935,1786.18416243903,2021-12-31
"Independent by age, Reference: Week and day of week, Report: Day of week",2021-12-31,2021-11-28,00+,DE-ST,58,FALSE,1,58.8995,59,1.0382382767745,1.4826,58,58,58,58,59,59,60,60,61,61,0.99972225726753,1864.28174006241,1795.96575854918,2021-12-31
"Independent by age, Reference: Week and day of week, Report: Day of week",2021-12-31,2021-11-29,00+,DE-ST,23,FALSE,1,23.65,23,0.866530690581043,0,23,23,23,23,23,24,24,25,25,26,1.00048378216795,1991.93809991379,1922.34228879356,2021-12-31
"Independent by age, Reference: Week and day of week, Report: Day of week",2021-12-31,2021-11-30,00+,DE-ST,51,FALSE,1,51.9975,52,1.08999440085578,1.4826,51,51,51,51,52,53,53,53,54,55,1.0004186165945,1791.07398330545,1767.94391287461,2021-12-31
"Independent by age, Reference: Week and day of week, Report: Day of week",2021-12-31,2021-12-01,00+,DE-ST,91,FALSE,1,93.079,93,1.67963376507868,1.4826,91,91,92,92,93,94,94,95,96,97,1.00136996653537,1981.1997894113,1952.43408831642,2021-12-31
"Independent by age, Reference: Week and day of week, Report: Day of week",2021-12-31,2021-12-02,00+,DE-ST,78,FALSE,1,80.791,80,1.98451206700086,1.4826,78,78,79,79,80,82,82,83,84,85,1.00020687525421,1976.1924344029,1797.99663705056,2021-12-31
"Independent by age, Reference: Week and day of week, Report: Day of week",2021-12-31,2021-12-03,00+,DE-ST,69,FALSE,1,72.872,73,2.404060263986,2.9652,69,70,71,71,73,74,75,76,77,78.0249999999999,0.999649698781878,1895.08095589869,1795.88586906213,2021-12-31
"Independent by age, Reference: Week and day of week, Report: Day of week",2021-12-31,2021-12-04,00+,DE-ST,94,FALSE,1,99.619,99,2.96517033533637,2.9652,95,95,97,97,99,101,102,104,105,106,0.999374453547468,2051.70013677082,2030.84329961109,2021-12-31
"Independent by age, Reference: Week and day of week, Report: Day of week",2021-12-31,2021-12-05,00+,DE-ST,65,FALSE,1,69.389,69,2.58379894893242,2.9652,66,66,67,67,69,71,71,73,74,76,0.999275509977276,1762.26510703056,1654.59275998548,2021-12-31
"Independent by age, Reference: Week and day of week, Report: Day of week",2021-12-31,2021-12-06,00+,DE-ST,49,FALSE,1,52.7545,52,2.3173076419314,1.4826,49,50,51,51,52,54,55,56,57,58,0.999387476012548,1848.90131327883,1762.71585705803,2021-12-31
"Independent by age, Reference: Week and day of week, Report: Day of week",2021-12-31,2021-12-07,00+,DE-ST,61,FALSE,1,64.997,65,2.45845744451745,2.9652,61,62,63,63,65,66,67,68,70,71,1.00096680235488,1813.35522517247,1733.10812765396,2021-12-31
"Independent by age, Reference: Week and day of week, Report: Day of week",2021-12-31,2021-12-08,00+,DE-ST,113,FALSE,1,123.4415,123,4.51583592893592,4.4478,116,117,120,120,123,126,127,129,131.05,134,0.999278638019358,1694.80916304103,1712.22053089321,2021-12-31
"Independent by age, Reference: Week and day of week, Report: Day of week",2021-12-31,2021-12-09,00+,DE-ST,102,FALSE,1,111.4005,111,4.27202819073461,4.4478,105,105,108,108,111,114,115,117,119,121,1.00003729342888,1845.87792104515,1963.12124565318,2021-12-31
"Independent by age, Reference: Week and day of week, Report: Day of week",2021-12-31,2021-12-10,00+,DE-ST,78,FALSE,1,86.0165,86,3.89047499000108,4.4478,80,81,83,83,86,88,89,91,93,95,0.999308812285588,2044.94040824192,1877.50015448492,2021-12-31
"Independent by age, Reference: Week and day of week, Report: Day of week",2021-12-31,2021-12-11,00+,DE-ST,58,FALSE,1,65.9425,65,3.96081276619893,4.4478,60,60,63,63,65,68,69,71,73,74,1.00129088665866,1561.84872632059,1698.53442169125,2021-12-31
"Independent by age, Reference: Week and day of week, Report: Day of week",2021-12-31,2021-12-12,00+,DE-ST,56,FALSE,1,63.261,63,3.56640415815561,2.9652,58,58,60,61,63,65,66,68,70,71,1.00153929059141,1721.60319850893,1733.33365595256,2021-12-31
"Independent by age, Reference: Week and day of week, Report: Day of week",2021-12-31,2021-12-13,00+,DE-ST,36,FALSE,1,42.0865,42,3.2587309514145,2.9652,37,38,39,40,42,44,45,46,48,50,0.999990942259831,2013.21383389434,1893.56365100582,2021-12-31
"Independent by age, Reference: Week and day of week, Report: Day of week",2021-12-31,2021-12-14,00+,DE-ST,64,FALSE,1,71.177,71,3.5791166561065,2.9652,65,66,68,69,71,73,74,76,77,79,1.00009420590451,1829.34601122408,1958.41644619621,2021-12-31
"Independent by age, Reference: Week and day of week, Report: Day of week",2021-12-31,2021-12-15,00+,DE-ST,89,FALSE,1,102.8645,102,5.85852378167489,5.9304,93,95,98,99,102,106,108,111,113,116,1.00301076429571,2003.02959212889,1933.83618738339,2021-12-31
"Independent by age, Reference: Week and day of week, Report: Day of week",2021-12-31,2021-12-16,00+,DE-ST,86,FALSE,1,103.2705,103,6.5417678890004,5.9304,93,94,98,99,103,107,108,112,115,119,1.00024531542359,2158.14532829764,1901.35206287181,2021-12-31
"Independent by age, Reference: Week and day of week, Report: Day of week",2021-12-31,2021-12-17,00+,DE-ST,77,FALSE,1,88.2625,87,5.54111412288733,4.4478,80,81,84,84,87,91,92,95,99,102,1.00210006232705,1915.08198845205,1946.17138521825,2021-12-31
"Independent by age, Reference: Week and day of week, Report: Day of week",2021-12-31,2021-12-18,00+,DE-ST,45,FALSE,1,55.4045,55,5.23723152505439,4.4478,48,49,51,52,55,58,59,62,65,68,1.0020789630588,1722.76683623143,1662.84208148212,2021-12-31
"Independent by age, Reference: Week and day of week, Report: Day of week",2021-12-31,2021-12-19,00+,DE-ST,41,FALSE,1,51.0025,50,4.82754040098699,4.4478,44,44,47,47,50,54,55,57,60,63,1.00249477784655,1649.63281899192,1529.53218283413,2021-12-31
"Independent by age, Reference: Week and day of week, Report: Day of week",2021-12-31,2021-12-20,00+,DE-ST,17,FALSE,1,24.2855,24,3.89815181127825,4.4478,18,19,21,21,24,27,27,30,31,33,1.00135776275501,1792.96697031598,1474.49025449386,2021-12-31
"Independent by age, Reference: Week and day of week, Report: Day of week",2021-12-31,2021-12-21,00+,DE-ST,60,FALSE,1,70.1865,69.5,5.15412458620521,5.1891,62,63,66,67,69.5,73,74,77,80,83,1.00020933258992,1852.82396524159,1609.31651928015,2021-12-31
"Independent by age, Reference: Week and day of week, Report: Day of week",2021-12-31,2021-12-22,00+,DE-ST,53,FALSE,1,68.117,67,6.92107373395309,7.413,58,59,62,63,67,72,73.2000000000001,77,81,84,1.00046600751724,2039.40089368851,1894.08136898302,2021-12-31
"Independent by age, Reference: Week and day of week, Report: Day of week",2021-12-31,2021-12-23,00+,DE-ST,47,FALSE,1,64.1625,63,7.24785205627949,5.9304,53,54,58,59,63,68,70,74,78,82,1.00055751220542,1972.16559837167,1718.72469882075,2021-12-31
"Independent by age, Reference: Week and day of week, Report: Day of week",2021-12-31,2021-12-24,00+,DE-ST,35,FALSE,1,45.49,45,6.51460820464516,5.9304,36,37,40,41,45,49,50,54.1000000000001,58,61,0.999641372310135,1405.61524226548,1750.78283030006,2021-12-31
"Independent by age, Reference: Week and day of week, Report: Day of week",2021-12-31,2021-12-25,00+,DE-ST,22,FALSE,1,31.351,30.5,6.08212916235538,5.1891,23,23,26,27,30.5,35,36,39,43,46,1.00067634264013,1263.90597087271,1773.45447711206,2021-12-31
"Independent by age, Reference: Week and day of week, Report: Day of week",2021-12-31,2021-12-26,00+,DE-ST,14,FALSE,1,21.107,20,4.75024561646115,4.4478,14,15,17,18,20,24,25,28,30,33,1.00046711005503,1507.617531189,1589.77117602271,2021-12-31
"Independent by age, Reference: Week and day of week, Report: Day of week",2021-12-31,2021-12-27,00+,DE-ST,8,FALSE,1,14.647,14,4.65168895188108,4.4478,8,9,11,11,14,17,18,21,23,26,1.00103026122122,1544.36040330095,1730.67109918145,2021-12-31
"Independent by age, Reference: Week and day of week, Report: Day of week",2021-12-31,2021-12-28,00+,DE-ST,21,FALSE,1,29.2205,28,5.49963660175613,4.4478,21.975,22,25,25,28,32,33,37,40,42,1.00102695806815,1523.02383294737,1528.23229334666,2021-12-31
"Independent by age, Reference: Week and day of week, Report: Day of week",2021-12-31,2021-12-29,00+,DE-ST,41,FALSE,1,60.147,58,11.4967594886285,10.3782,44,46,51,52,58,66,69,74,81,88,0.999813736226105,1622.7102489561,1948.8964626822,2021-12-31
"Independent by age, Reference: Week and day of week, Report: Day of week",2021-12-31,2021-12-30,00+,DE-ST,27,FALSE,1,54.751,52,15.6864920239041,13.3434,33,36,42,43,52,62,65.2000000000001,75,85,93,1.00138935863465,1589.55853857939,1838.01011777108,2021-12-31
"Independent by age, Reference: Week and day of week, Report: Day of week",2021-12-31,2021-12-31,00+,DE-ST,4,FALSE,1,42.7655,36,27.3934610921165,20.7564,11,15,22,25,36,54,59,75,92,110,1.00022290433325,2293.91280900724,1642.7345948785,2021-12-31
"Independent by age, Reference: Week and day of week, Report: Day of week",2021-12-31,2021-11-22,00+,DE-TH,60,FALSE,1,60,60,0,0,60,60,60,60,60,60,60,60,60,60,,,,2021-12-31
"Independent by age, Reference: Week and day of week, Report: Day of week",2021-12-31,2021-11-23,00+,DE-TH,138,FALSE,1,138.036,138,0.186336686351186,0,138,138,138,138,138,138,138,138,138,139,0.999037882697586,1949.71935646553,1949.71935646553,2021-12-31
"Independent by age, Reference: Week and day of week, Report: Day of week",2021-12-31,2021-11-24,00+,DE-TH,126,FALSE,1,126.1395,126,0.374312442890229,0,126,126,126,126,126,126,126,127,127,127,1.00011741984867,2010.6514967686,2002.47081426267,2021-12-31
"Independent by age, Reference: Week and day of week, Report: Day of week",2021-12-31,2021-11-25,00+,DE-TH,164,FALSE,1,164.2995,164,0.556735778770937,0,164,164,164,164,164,165,165,165,165,166,1.00073547399053,1774.43272616755,1782.53332653332,2021-12-31
"Independent by age, Reference: Week and day of week, Report: Day of week",2021-12-31,2021-11-26,00+,DE-TH,121,FALSE,1,121.382,121,0.635041446536688,0,121,121,121,121,121,122,122,122,123,123,1.00007038232184,1886.93638681356,1869.40403060366,2021-12-31
"Independent by age, Reference: Week and day of week, Report: Day of week",2021-12-31,2021-11-27,00+,DE-TH,117,FALSE,1,117.5945,117,0.797739270671807,0,117,117,117,117,117,118,118,119,119,120,0.999965598900045,2077.13749811358,2030.4509280081,2021-12-31
"Independent by age, Reference: Week and day of week, Report: Day of week",2021-12-31,2021-11-28,00+,DE-TH,70,FALSE,1,70.5105,70,0.732227989709802,0,70,70,70,70,70,71,71,71,72,72,1.00028297185924,1862.32242099987,1833.33906316023,2021-12-31
"Independent by age, Reference: Week and day of week, Report: Day of week",2021-12-31,2021-11-29,00+,DE-TH,47,FALSE,1,47.411,47,0.672536357809961,0,47,47,47,47,47,48,48,48,49,49,1.00112183519337,1999.19470979959,1961.2720505424,2021-12-31
"Independent by age, Reference: Week and day of week, Report: Day of week",2021-12-31,2021-11-30,00+,DE-TH,165,FALSE,1,166.261,166,1.1804981100764,1.4826,165,165,165,165,166,167,167,168,168.05,169,1.00314659162362,1930.62680728013,1548.25179643187,2021-12-31
"Independent by age, Reference: Week and day of week, Report: Day of week",2021-12-31,2021-12-01,00+,DE-TH,134,FALSE,1,135.5645,135,1.34823908277136,1.4826,134,134,134,135,135,136,137,137,138,139,0.99941856413439,1856.37984267965,1913.29620777814,2021-12-31
"Independent by age, Reference: Week and day of week, Report: Day of week",2021-12-31,2021-12-02,00+,DE-TH,130,FALSE,1,131.9715,132,1.49927037449151,1.4826,130,130,131,131,132,133,133,134,135,135,1.00017337525092,1744.89280676749,1749.54151246648,2021-12-31
"Independent by age, Reference: Week and day of week, Report: Day of week",2021-12-31,2021-12-03,00+,DE-TH,140,FALSE,1,142.452,142,1.72313104269384,1.4826,140,140,141,141,142,143,144,145,145,146,1.00087644653021,1784.05462172527,2032.62409849983,2021-12-31
"Independent by age, Reference: Week and day of week, Report: Day of week",2021-12-31,2021-12-04,00+,DE-TH,98,FALSE,1,100.148,100,1.62247101857107,1.4826,98,98,99,99,100,101,101,102,103,104,1.0001663436466,2018.2931421353,1858.9464025005,2021-12-31
"Independent by age, Reference: Week and day of week, Report: Day of week",2021-12-31,2021-12-05,00+,DE-TH,63,FALSE,1,64.8905,65,1.45277838382744,1.4826,63,63,64,64,65,66,66,67,68,68,1.00002759816831,1838.30652613089,1906.93183299847,2021-12-31
"Independent by age, Reference: Week and day of week, Report: Day of week",2021-12-31,2021-12-06,00+,DE-TH,41,FALSE,1,42.287,42,1.21464755560705,1.4826,41,41,41,41,42,43,43,44,45,45,1.00148780434188,1737.55382553821,1753.7928305769,2021-12-31
"Independent by age, Reference: Week and day of week, Report: Day of week",2021-12-31,2021-12-07,00+,DE-TH,127,FALSE,1,130.222,130,1.91011525048492,1.4826,127,127,129,129,130,131,132,133,134,134.025,1.00096104495345,1791.19006851756,1945.76703163387,2021-12-31
"Independent by age, Reference: Week and day of week, Report: Day of week",2021-12-31,2021-12-08,00+,DE-TH,141,FALSE,1,146.1315,146,2.60875651513851,2.9652,142,142,144,144,146,148,148,150,151,152,0.999677621053115,1961.07078035727,1940.94745439162,2021-12-31
"Independent by age, Reference: Week and day of week, Report: Day of week",2021-12-31,2021-12-09,00+,DE-TH,134,FALSE,1,140.16,140,2.76192217613993,2.9652,136,136,138,138,140,142,142,144,145,146,1.00068660167166,2135.61029635854,1930.42256435996,2021-12-31
"Independent by age, Reference: Week and day of week, Report: Day of week",2021-12-31,2021-12-10,00+,DE-TH,104,FALSE,1,109.8635,110,2.6738441374238,2.9652,105,106,108,108,110,111,112,113,115,116,1.00018230872576,1990.65607800305,1860.45352666832,2021-12-31
"Independent by age, Reference: Week and day of week, Report: Day of week",2021-12-31,2021-12-11,00+,DE-TH,84,FALSE,1,89.898,90,2.7545216816804,2.9652,85,86,88,88,90,91,92,93,95,96,1.00052359615902,2009.9915712114,2078.03076622285,2021-12-31
"Independent by age, Reference: Week and day of week, Report: Day of week",2021-12-31,2021-12-12,00+,DE-TH,73,FALSE,1,78.209,78,2.55745758413455,2.9652,74,75,76,76,78,80,80,82,83,84,1.00204173937244,1915.41822020123,2042.31327509426,2021-12-31
"Independent by age, Reference: Week and day of week, Report: Day of week",2021-12-31,2021-12-13,00+,DE-TH,51,FALSE,1,54.741,54,2.21886923687386,1.4826,51,52,53,53,54,56,57,58,59,60,0.999731445730305,1592.2945011605,1858.87491250851,2021-12-31
"Independent by age, Reference: Week and day of week, Report: Day of week",2021-12-31,2021-12-14,00+,DE-TH,119,FALSE,1,127.2745,127,3.33072013208843,2.9652,122,122,124,125,127,129,130,132,133,134,0.999971712359751,1692.83924036229,1930.6287062227,2021-12-31
"Independent by age, Reference: Week and day of week, Report: Day of week",2021-12-31,2021-12-15,00+,DE-TH,117,FALSE,1,128.5115,128,4.09917911107728,4.4478,121,122,125,126,128,131,132,134,136,137,1.00011301190131,1970.03191946976,1887.67798553743,2021-12-31
"Independent by age, Reference: Week and day of week, Report: Day of week",2021-12-31,2021-12-16,00+,DE-TH,101,FALSE,1,113.0685,113,4.20138472015875,4.4478,106,107,110,110,113,116,116,118,121,122,1.00226100245443,2136.04330886917,1967.3694096257,2021-12-31
"Independent by age, Reference: Week and day of week, Report: Day of week",2021-12-31,2021-12-17,00+,DE-TH,93,FALSE,1,106.9765,107,4.658626315726,4.4478,99,100,103,104,107,110,111,113,115,117,0.999404574636585,1870.9674119221,1958.11060181851,2021-12-31
"Independent by age, Reference: Week and day of week, Report: Day of week",2021-12-31,2021-12-18,00+,DE-TH,89,FALSE,1,103.8125,103,5.00228499563837,4.4478,95,96,100,100,103,107,108,110,113,114.025,0.999949059696333,2110.23029965813,1642.70131464235,2021-12-31
"Independent by age, Reference: Week and day of week, Report: Day of week",2021-12-31,2021-12-19,00+,DE-TH,67,FALSE,1,79.5275,79,4.49981865567569,4.4478,72,73,76,76,79,82,83,86,88,89,1.00132167374076,2020.10151152697,1931.49661207154,2021-12-31
"Independent by age, Reference: Week and day of week, Report: Day of week",2021-12-31,2021-12-20,00+,DE-TH,38,FALSE,1,45.235,45,3.26620713588824,2.9652,40,40,42,43,45,47,48,49,51,52,0.999731350528639,1851.44514359969,1950.43000745476,2021-12-31
"Independent by age, Reference: Week and day of week, Report: Day of week",2021-12-31,2021-12-21,00+,DE-TH,90,FALSE,1,105.6075,105,5.11444254159294,4.4478,97,98,101,102,105,109,110,112,115,117,0.999866782198332,2082.16526148653,1927.19298044678,2021-12-31
"Independent by age, Reference: Week and day of week, Report: Day of week",2021-12-31,2021-12-22,00+,DE-TH,87,FALSE,1,107.1855,107,6.12191380732628,5.9304,97,98,102,103,107,111,112,116,118,120,0.999490266183497,2133.57878514174,2021.60084053646,2021-12-31
"Independent by age, Reference: Week and day of week, Report: Day of week",2021-12-31,2021-12-23,00+,DE-TH,72,FALSE,1,93.1995,93,6.45612426462349,5.9304,82,84,88,89,93,97,99,101,104,106.025,1.0011897952288,2252.53280593127,1990.46729749871,2021-12-31
"Independent by age, Reference: Week and day of week, Report: Day of week",2021-12-31,2021-12-24,00+,DE-TH,50,FALSE,1,68.6295,68,6.15655596422792,5.9304,58,60,63,64,68,72,74,77,80,82,0.999837121468656,1769.6570906788,1840.40489324021,2021-12-31
"Independent by age, Reference: Week and day of week, Report: Day of week",2021-12-31,2021-12-25,00+,DE-TH,32,FALSE,1,48.2755,48,5.63084833541876,5.9304,39,40,43,44,48,52,53,56,58,61,1.00070816830503,2017.35172160658,1879.44002151418,2021-12-31
"Independent by age, Reference: Week and day of week, Report: Day of week",2021-12-31,2021-12-26,00+,DE-TH,14,FALSE,1,23.9165,23,4.03617059680872,4.4478,17,18,21,21,23,26,27,29,31,33,0.999644458709866,2108.59592857253,2036.64775437224,2021-12-31
"Independent by age, Reference: Week and day of week, Report: Day of week",2021-12-31,2021-12-27,00+,DE-TH,18,FALSE,1,28.315,28,4.27140462245435,4.4478,21,22,25,25,28,31,32,34,36,38,0.999652739560044,1899.87945676508,1803.51542328982,2021-12-31
"Independent by age, Reference: Week and day of week, Report: Day of week",2021-12-31,2021-12-28,00+,DE-TH,56,FALSE,1,83.069,82,8.32405453742171,7.413,68.975,71,76,77,82,88,89.2000000000001,94,98,102,0.99979733891006,2194.44812997495,1994.9406389449,2021-12-31
"Independent by age, Reference: Week and day of week, Report: Day of week",2021-12-31,2021-12-29,00+,DE-TH,57,FALSE,1,102.8205,101,14.0253568606126,13.3434,81,83,91,93,101,110,113,121,129,135,0.999750759501458,2230.14666509876,1887.22872805111,2021-12-31
"Independent by age, Reference: Week and day of week, Report: Day of week",2021-12-31,2021-12-30,00+,DE-TH,34,FALSE,1,88.983,87,18.7233542132946,17.7912,61,64,73,75,87,99,103,113,122,133,1.00038081781371,2389.56742788262,1890.1987241938,2021-12-31
"Independent by age, Reference: Week and day of week, Report: Day of week",2021-12-31,2021-12-31,00+,DE-TH,16,FALSE,1,75.499,71,27.3012394927212,22.239,38,42,54,57,71,88,94,111,123,140,1.00057741434537,2799.35552139301,1767.36531961038,2021-12-31
